3.983556370093982224e+00 7.078269944240965117e+00 2.645402503128648330e+00
8.952417079351904228e-01 3.291513147289446550e+00 -0.000000000000000000e+00
-0.000000000000000000e+00 2.081332175793292993e+00 -0.000000000000000000e+00
4.465857457391421370e+00 4.325035116489256204e+00 -0.000000000000000000e+00
-0.000000000000000000e+00 -0.000000000000000000e+00 1.668295987124958746e+00
-0.000000000000000000e+00 -0.000000000000000000e+00 -0.000000000000000000e+00
-0.000000000000000000e+00 -0.000000000000000000e+00 -0.000000000000000000e+00
7.449683785076284259e+00 2.220727180612286134e+00 5.257765387060591600e+00
4.383324242408185967e+00 1.096660680832141743e+00 2.491065925599796671e+00
2.466145969013991746e+00 2.329192060581095625e+00 -0.000000000000000000e+00
1.457621066937308640e+00 -0.000000000000000000e+00 1.371892074834985209e+00
-0.000000000000000000e+00 1.266862312419811065e+00 -0.000000000000000000e+00
-0.000000000000000000e+00 -0.000000000000000000e+00 -0.000000000000000000e+00
3.984875743673601978e+00 3.776416497403946249e+00 2.239528514454855568e+00
-0.000000000000000000e+00 2.389396125409208871e+00 -0.000000000000000000e+00
1.754875886754978520e+00 1.685432769625051508e+00 -0.000000000000000000e+00
-0.000000000000000000e+00 -0.000000000000000000e+00 -0.000000000000000000e+00
7.310323150192890473e+00 -0.000000000000000000e+00 -0.000000000000000000e+00
-0.000000000000000000e+00 -0.000000000000000000e+00 -0.000000000000000000e+00
