3.258763813307579138e+00 2.919600673524916701e+00
1.211074542591106962e+01 -0.000000000000000000e+00
1.651818959657677333e+00 -0.000000000000000000e+00
-0.000000000000000000e+00 -0.000000000000000000e+00
1.528484898955144278e+00 -0.000000000000000000e+00
-0.000000000000000000e+00 -0.000000000000000000e+00
-0.000000000000000000e+00 -0.000000000000000000e+00
-0.000000000000000000e+00 -0.000000000000000000e+00
4.984473081252015270e+00 -0.000000000000000000e+00
1.528484898955144278e+00 -0.000000000000000000e+00
1.433177667918159814e+00 1.433177667918159814e+00
-0.000000000000000000e+00 -0.000000000000000000e+00
-0.000000000000000000e+00 -0.000000000000000000e+00
-0.000000000000000000e+00 -0.000000000000000000e+00
9.719799635388804981e-01 -0.000000000000000000e+00
2.207250889241431313e+00 -0.000000000000000000e+00
-0.000000000000000000e+00 -0.000000000000000000e+00
3.797465060723496766e+00 -0.000000000000000000e+00
-0.000000000000000000e+00 -0.000000000000000000e+00
3.844687103485786128e+00 -0.000000000000000000e+00
