9.390231736586682754e-01 1.137550152034739748e+00 9.518524328705519899e-01 1.416827652605251231e+00 9.525719160312727807e-01 7.530480276560281849e-01 1.492857142857142883e+00 8.171539008352586286e-01 9.630881540221316595e-01 8.156421789966389335e-01 1.496969696969697061e+00 1.104761904761904834e+00 7.597382043925300366e-01 1.746670379697791597e+00 9.097801364670204949e-01 6.387319416720235177e-01 1.620504973221116973e+00 9.101478188045128981e-01 7.471695506877553683e-01 9.352874000761324247e-01 1.045753940249353198e+00 1.349667647379317881e+00 1.030619865571321903e+00 4.875471698113207353e-01 9.785531370038412780e-01 8.353628664173660123e-01 5.951012265405645207e-01 9.435721435721435846e-01 8.076672915789876450e-01 1.221920148203394785e+00
1.096877367224980970e+00 1.374366787573181981e+00 8.492684262533185535e-01 9.167915009812557248e-01 8.320396209343302596e-01 1.035787652719212915e+00 1.570717619452824731e+00 9.241608507809904172e-01 9.365969743328234065e-01 8.725553406404470413e-01 1.529253449287304001e+00 1.767539469682307018e+00 1.106341656757827918e+00 1.078952392038179386e+00 1.096596634527668979e+00 4.296474358974358698e-01 1.225787786378919275e+00 9.506339875551204077e-01 9.189005121499400630e-01 8.458274907417394628e-01 1.252401457436237209e+00 2.143193985963549597e+00 2.026954245106595387e+00 6.192764567600740344e-01 8.405500381970970603e-01 6.601506653469702002e-01 4.608003565629875120e-01 1.057992591793433412e+00 1.112938170101660962e+00 8.265803166168492755e-01
1.238722439330341984e+00 1.281323674396673606e+00 8.709525158123289090e-01 9.073970694715431939e-01 7.028579195976484284e-01 8.412483967507481397e-01 1.528655069743108497e+00 1.254947388744087178e+00 1.362069500465404870e+00 7.694410099564000793e-01 1.255988082637500503e+00 1.724843196073084339e+00 1.157587438353834708e+00 1.009947643979057563e+00 1.196130974114419709e+00 5.564037319762510370e-01 9.737050826265057912e-01 9.169660548261371336e-01 8.627651661658385374e-01 1.018534635592947213e+00 9.115612648221343983e-01 1.895769230769230873e+00 1.325025735113899872e+00 6.405812105452589611e-01 9.053308190990048132e-01 6.826611403368935127e-01 4.891807695546013246e-01 1.097600548034108003e+00 1.311885051986233952e+00 9.316314553990610037e-01
1.391930403479826106e+00 9.483033880358729961e-01 1.408302354399008749e+00 8.149739672146056879e-01 9.530761880260207874e-01 1.244490898005400137e+00 1.121958952110795993e+00 1.193010537548352623e+00 2.103484031522190101e+00 6.660881992650061756e-01 2.449223836051344083e+00 3.028318584070796682e+00 1.964547561610141324e+00 8.018169429934135506e-01 1.070348139255702380e+00 5.010934369644451936e-01 8.455114822546972997e-01 6.352562468128505335e-01 1.429316030209552224e+00 6.481131556256765069e-01 1.131283792841503155e+00 2.050495090184477398e+00 3.659886086248982651e-02 9.786820740150420361e-01 8.793261904797370354e-01 9.183284037782654119e-01 6.730920184830019304e-01 1.384579484897489499e+00 9.491525423728813804e-01 5.212549069266809720e-01
9.988955243048867061e-01 1.317996601783805177e+00 9.449435028248587276e-01 8.561571623137618214e-01 1.383265720081135797e+00 5.677966101694915668e-01 1.223354460907194907e+00 9.043250327653997722e-01 1.222222222222222321e+00 6.335763317320074473e-01 1.582511022464833106e+00 1.409734100450940719e+00 1.051344624537121408e+00 1.233021806853582536e+00 1.088853774158259347e+00 1.111090769287100377e+00 1.211815420789654096e+00 6.890047637440452899e-01 1.111610918877354859e+00 1.029421945309795694e+00 1.008991888760139011e+00 1.452043151356652517e+00 8.292171105730428149e-01 4.802085030135201382e-01 1.232469188270293170e+00 7.471842410196987139e-01 8.290615502910915202e-01 1.036887549174883683e+00 1.021032405867789983e+00 7.267836450918722102e-01
9.822012825546394543e-01 7.138049566116199118e-01 9.725376593279257964e-01 1.249497869005045780e+00 1.309916276211690711e+00 9.537330295790038548e-01 9.441364464315283866e-01 1.573349451761362428e+00 8.507641677822400661e-01 7.039655951870356088e-01 1.114755197853789292e+00 1.163665681268476249e+00 1.127473106146091864e+00 1.192831397677212690e+00 1.076842529198550169e+00 5.620323325635103728e-01 1.151333840203629721e+00 9.405448717948717841e-01 1.389836734693877585e+00 9.437079049982275425e-01 1.001912849725684840e+00 1.171975478007373672e+00 4.383640552995391459e-01 8.909335010749861450e-01 8.704731154664633319e-01 1.202803619217535314e+00 9.856533465960173324e-01 9.553167801774175016e-01 1.160727345512213571e+00 5.959211604839862453e-01
6.472624514305899135e-01 1.245517241379310303e+00 6.876936697653829311e-01 1.270289694825298632e+00 1.244326743071092700e+00 4.856579984239558501e-01 1.089489636591862265e+00 1.042811278925788399e+00 9.983935742971887795e-01 7.992350115637787411e-01 9.061717484165562331e-01 8.322385147826447671e-01 7.817948717948718373e-01 1.229997734129965492e+00 9.183980728696176099e-01 1.343364364581078219e+00 1.833644738864219192e+00 1.079479234520519082e+00 7.276385150291611037e-01 8.501621529531308008e-01 1.315138394928096588e+00 1.659968851328924799e+00 4.233631460367310861e-01 5.479572367424816459e-01 9.008965877437326020e-01 1.004687761593838990e+00 5.008120838070488912e-01 1.331911919569703562e+00 8.721483326784982282e-01 9.770310660266280367e-01
8.574669187145557148e-01 1.287364477961682629e+00 7.245411965711255897e-01 7.227893771810492973e-01 1.127942253373783954e+00 8.156909917134456123e-01 9.859697540679307481e-01 1.457456501614560862e+00 5.168208578637510930e-01 9.240301656076702619e-01 1.255534551188439041e+00 7.564957044919286000e-01 1.157089084065244577e+00 8.875564438522466348e-01 1.198492462311557816e+00 5.188288059575187905e-01 1.080357142857142794e+00 1.122788358479676729e+00 1.652223892475019884e+00 1.931906525815155318e+00 7.670567171814054452e-01 6.405019272666331309e-01 5.521367521367521736e-01 1.398711676624465383e+00 9.794011518149449147e-01 6.272394136807817322e-01 1.759889380530973435e+00 7.103191114809717099e-01 1.122974330132969101e+00 6.104841269841270179e-01
1.459514680657854946e+00 7.497936564084424216e-01 1.656227116543682820e+00 1.545758551925141999e+00 8.485676886225411719e-01 1.128341687552213868e+00 7.877183886564500526e-01 1.270274277242401828e+00 3.259240759240759067e-01 9.911731868691788794e-01 7.734753725537135693e-01 1.137065095398428705e+00 4.860984602038603275e-01 1.518791320057972127e+00 9.382228077880251371e-01 1.379405344692394009e-01 6.702449893810855652e-01 7.860661212222407324e-01 9.093141305630976223e-01 1.042825066340069329e+00 1.198482645380179346e+00 2.039979926396788379e+00 1.462697290137177086e-01 8.861895038134631752e-01 8.875241019781475726e-01 1.116621756871198690e+00 6.707939573704904124e-01 1.404581267535262690e+00 4.261187021335696712e-01 1.418762028931520369e+00
4.929148029074643667e-01 2.277372262773722511e+00 1.199611593718676872e+00 1.142879675529517858e+00 9.344762478108581405e-01 1.092241379310344929e+00 1.071614137261619248e+00 6.676366733502493434e-01 1.026445449974861646e+00 1.190163934426229586e+00 1.286398467432950277e+00 4.756739152219661149e-01 5.134307779428299856e-01 1.468815585363627996e+00 1.219497956800934091e+00 7.526779981752441673e-01 1.033867276887871833e+00 8.868454866688082472e-01 5.400932621943336231e-01 1.186149242388258251e+00 9.647694078073825175e-01 6.316126279863480963e-01 1.055899248784798905e+00 5.103258113590263267e-01 1.679225242737903079e+00 9.601434213261276218e-01 7.744565217391304046e-02 1.084169954407467662e+00 9.289986941320190761e-01 7.423153572075608109e-01
5.914809994130107995e-01 1.767047682816012211e+00 2.519967923015236644e-01 1.106375699354648301e+00 9.569766591058754823e-01 8.463557516737675313e-01 1.030952380952380842e+00 6.555160215540289936e-01 8.189107570550869797e-01 1.056441085537615843e+00 3.975246174070491412e-01 2.826699834162520464e-01 5.179292452830188687e-01 9.545907079646017701e-01 1.240295155598331700e+00 2.655891233208584334e-01 1.645758101015937225e+00 1.946808148055577670e+00 6.783510508308895348e-01 2.239402584326229295e+00 8.653334020583131059e-01 4.177807698400126668e-01 0.000000000000000000e+00 5.931575264617355847e-01 1.413849666916454639e+00 1.311122047244094535e+00 2.892427069199457468e-01 8.712904236160050608e-01 1.269347926419199579e+00 1.271607517135897591e+00
8.677860383064516236e-01 1.088781354927908396e+00 1.073207171314741082e+00 1.172196261682243001e+00 1.053549786311156478e+00 9.667455211174228458e-01 1.279745090126445994e+00 9.364267676767676907e-01 2.799488479961853016e-01 9.825989887714229321e-01 1.030020120724346011e+00 1.304388597149287232e+00 7.397428046540109881e-01 1.550356588331271768e+00 1.373156767443776349e+00 4.908606245239908739e-01 1.150193674711616154e+00 6.309959349593495803e-01 9.946679744563629022e-01 1.410309278350515561e+00 1.023738365639142778e+00 1.745138085598611832e+00 1.249548387096774293e+00 1.024473733233979056e+00 1.010401991419946022e+00 6.380302148053825784e-01 2.795716112531969055e-01 8.294802821905293833e-01 8.441189909337950548e-01 8.822488139913615690e-01
5.904550827423168391e-01 1.108284883720930258e+00 6.201255783212161754e-01 1.182023299058764021e+00 1.241875179752660374e+00 4.491188880615537560e-01 1.285599649236012887e+00 6.869214212835045297e-01 7.159585254963529710e-01 7.893408134642355689e-01 8.320024570024570076e-01 1.124044679600235241e+00 7.368963715201762854e-01 9.169071669071668929e-01 6.385525448426603301e-01 4.209024814287972482e+00 1.448694975310343747e+00 8.633325857815653537e-01 4.358657695255940823e-01 9.077717198438558510e-01 5.743213015940288324e-01 5.890401230914901198e-01 8.339635157545604471e+00 6.206826078070712960e-01 1.129969201610992569e+00 6.127711867538899737e-01 2.574955908289241480e-01 1.101941560938100695e+00 1.901028824921526139e+00 1.044469015912696586e+00
1.049762228260869623e+00 1.109808528720691800e+00 6.452607243770870360e-01 1.090567287462012036e+00 1.029894736842105196e+00 9.967234076560377298e-01 9.784583971413987058e-01 1.278658153306646339e+00 1.235837922895357988e+00 1.209812524930195421e+00 1.078759436849622499e+00 1.170242198307190895e+00 1.361036098098649783e+00 8.260136274708224091e-01 1.184170121295869738e+00 4.418322420410927820e-01 5.546165602804998818e-01 1.099562085716336846e+00 1.198400193915889034e+00 1.288126361655773433e+00 9.399409758154152472e-01 1.048284313725490247e+00 4.696116039319108149e-01 1.436993540810334702e+00 5.566174384398285824e-01 9.753067184020989266e-01 4.818336425479282648e-01 9.054371012422419707e-01 1.034166666666666679e+00 9.832792207792208083e-01
1.005610472882714435e+00 1.594335591771958827e+00 5.531229345670852782e-01 1.366434487951807331e+00 1.764302884615384537e+00 7.082334132693844930e-01 1.569636828644501270e+00 7.370149253731342887e-01 5.408047834518422414e-01 1.073599240265906918e+00 1.294795430133776071e+00 5.292150043802595905e-01 1.063180592991913809e+00 6.631536161193856138e-01 1.185786435786435833e+00 2.285782753072472806e-01 9.900751879699247748e-01 7.782368843271281200e-01 7.257922211602088058e-01 8.271940355089404395e-01 1.217277974306460564e+00 1.684463258987805689e+00 2.423747869292423862e-01 2.552406375127581062e-01 1.167442308618779290e+00 8.393595163309165441e-01 1.764081329298720635e-01 8.900947300652993777e-01 5.627926777352064702e-01 1.585350896558491041e+00
1.321214447612780507e+00 6.050945252466165547e-01 2.539954337899543169e-01 1.112172766380596256e+00 1.138814016172506660e+00 8.337107487922705840e-01 1.248423036727381419e+00 2.210430563978168506e-01 7.672413793103448620e-01 6.934628975265018092e-01 1.708562303320651843e+00 1.389054726368159187e+00 7.565476975854333874e-01 1.727258005152741971e+00 1.597696349653756398e+00 1.870877192982456139e+00 9.214035087719297801e-01 8.666216777408637384e-01 1.040228873239436691e+00 6.683149486496766656e-01 6.351934917671969716e-01 5.540322580645161699e-01 2.273512039981826494e+00 8.339222614840989811e-01 7.737585690921112702e-01 7.805052640852825352e-01 1.617416034669555858e+00 1.133574007220216506e+00 1.387556789500252297e+00 8.354011400880485549e-01
1.145724369604966597e+00 1.318774703557312300e+00 6.339814814814814792e-01 4.828310457675963341e-01 8.313681452367583935e-01 2.123625687156421638e+00 5.428494187618275735e-01 1.757478260869565156e+00 1.934180790960452034e+00 5.010371869466228034e-01 7.118697478991596883e-01 1.243384953054505582e+00 7.910781544256120235e-01 1.106929708222811781e+00 5.180016960912805501e-01 5.319314641744548044e-01 2.709339774557165681e-01 1.521474753694581183e+00 1.122701688555347133e+00 1.197596222635570085e+00 3.287830687830687992e+00 0.000000000000000000e+00 1.149075630252100799e+00 5.999819689866570105e-01 6.671308051437464526e-01 5.090138674884437942e-01 1.271373379860418762e+00 1.202561299390910499e+00 9.823728813559321482e-01 1.404023492519067773e+00
1.156272530641672569e+00 9.789317184610363265e-01 1.218423019431988052e+00 1.392952127659574435e+00 1.331965344277245888e+00 7.465543392244790022e-01 1.560611316682084526e+00 1.781272066982749980e+00 6.522359300317810415e-01 7.144136333271742245e-01 9.583283830343353182e-01 3.101199040767386172e-01 1.154670784908297776e+00 9.345942120886291393e-01 1.311642198702628992e+00 7.045336338418862754e-01 8.897681521588227671e-01 8.590949897547303094e-01 5.727765666051763960e-01 1.378395061728395099e+00 1.029616658418668340e+00 9.798508167311869022e-01 0.000000000000000000e+00 8.035261288685946468e-01 4.793661675918349241e-01 2.283809924306139827e+00 4.269570238389837624e-01 1.047105701659059696e+00 1.619885103809715898e-01 8.047827479449130017e-01
8.399999999999999689e-01 8.165881737310308752e-01 1.268029004614370514e+00 9.605998235812995834e-01 1.197055526051808538e+00 8.633044705626883308e-01 1.064520943189732449e+00 7.702716680928692883e-01 1.237451737451737532e+00 9.575588599752168362e-01 7.531350940528215299e-01 8.699814024723772077e-01 1.366083217020634510e+00 8.337856475508297338e-01 9.002433090024331008e-01 2.144631706170684327e-01 7.621294615849969478e-01 2.483966650633317119e+00 1.297225814035500191e+00 1.698581962563811665e+00 8.063674361094465004e-01 6.675344105326151967e-01 1.124281167015458160e-01 9.126485853005189552e-01 9.312621655661997844e-01 1.765649612813554814e+00 4.245320802071930189e-01 5.488695032935730911e-01 6.069086838317607757e-01 7.857233744751240812e-01
7.755035205501883411e-01 1.053428171641791034e+00 1.119355056787452618e+00 1.877644984326018784e+00 1.433836433836433777e+00 8.391394096741929820e-01 9.178680746862565298e-01 1.306254626202812741e+00 8.624002605438854108e-01 7.600000000000000089e-01 1.852642194433239187e+00 2.704405104981473795e-01 5.334866340902558735e-01 1.334009424795957965e+00 6.242209592839689236e-01 1.133081804150231520e+00 1.516242127144674434e+00 6.568442781576571132e-01 6.593277748827514051e-01 8.965630114566284226e-01 6.061231671554252465e-01 3.035850144092219205e-01 1.880050073972914515e-01 9.928071818031612983e-01 1.103974790299745878e+00 9.688426596943947589e-01 1.368274196235215734e-01 1.545628700801114697e+00 1.148511026829610815e+00 1.278286966463414664e+00
6.390503875968992498e-01 2.154732510288065672e+00 1.190786845959259654e+00 9.133171456187085813e-01 1.067237381844123423e+00 5.484890109890110388e-01 1.184023029866858590e+00 6.357746152956149643e-01 1.163680534467051331e+00 1.302185228958684382e+00 1.538212135247799983e+00 7.450058754406579942e-01 8.490750294811321153e-01 1.236225060233374862e+00 7.179533801229135426e-01 9.936144936144936102e-01 8.970382462686566916e-01 8.938160401870777205e-01 1.208712566059894356e-01 8.643269072334816006e-01 7.128984063745019695e-01 1.060013978904562171e+00 1.629134241245136172e+00 6.410043839928057929e-01 1.444086109855798883e+00 1.231930919050517437e+00 0.000000000000000000e+00 1.277179816332576268e+00 1.059210526315789380e+00 7.718854113179609566e-01
8.961021505376344232e-01 8.111793611793611802e-01 3.963157894736842324e-01 9.463762044407205698e-01 1.212917194329833803e+00 0.000000000000000000e+00 1.805100422832981000e+00 1.081135135135135039e+00 1.201595744680851174e+00 1.101435116561110261e+00 9.082786163947742519e-01 5.084656084656085095e-01 8.357200281378756035e-01 1.917134831460674205e+00 2.986218487394957766e+00 1.027659574468085202e+00 1.261680726800778807e+00 9.263452065176203121e-01 6.951349941306900204e-01 0.000000000000000000e+00 1.157071038251366035e+00 2.815789473684210398e-01 7.160846560846561015e-01 3.726233589859664908e-01 1.141306417825176167e+00 1.242149758454106356e+00 2.566361556064073457e-01 6.264832880217495736e-01 8.227918126498248164e-01 1.210555555555555607e+00
5.360563178959405484e-01 1.604001206393887546e+00 7.041912299119761354e-01 8.771888657495673369e-01 1.338649908312958381e+00 6.687848862172606212e-01 1.810292425067368649e+00 5.332796055750450570e-01 3.348446425369502322e-01 7.549203023273216573e-01 5.856108597285067940e-01 2.160173160173160245e-01 8.882432292207118607e-01 1.413142563916810035e+00 9.645655641078981768e-01 1.948389021479713712e+00 1.202047628537265878e+00 1.010283545597197463e+00 2.934597589535614115e-01 7.824490545254267904e-01 9.472934472934473327e-01 1.176419792754438198e+00 2.710543766578249247e+00 5.486503994817534258e-01 1.087397284187687774e+00 6.638851927862099433e-01 5.687232849835330839e-01 9.466522483554113965e-01 2.353826691967109586e+00 1.063653992074867105e+00
7.862220948638174445e-01 7.837047862623309769e-01 4.469204894739894351e-01 6.618295473572585186e-01 1.159404444158600445e+00 1.419803126809496163e+00 8.894788324044361483e-01 1.442076381164256516e+00 1.149778709527137233e+00 8.311856652687762415e-01 1.568205128205128140e+00 2.116312741312741164e+00 2.377025474271689198e+00 6.929097533485361060e-01 1.134280059905862226e+00 6.158698372966208145e-01 8.663918030779279578e-01 9.188988671523087293e-01 3.289399207568528993e+00 6.774915383836906946e-01 7.881586272390870285e-01 7.308633685669727598e-01 0.000000000000000000e+00 2.299640366172624351e+00 6.355208394974061203e-01 1.392888984320663104e+00 8.652105926860025331e-01 6.479737927687454491e-01 6.039080986184260924e-01 2.956587516127050508e-01
2.211831979932826098e+00 1.041677872349704437e+00 1.077597101693487325e+00 4.868313300752872830e-01 7.659731727347385277e-01 8.369608231104076479e-01 7.983559899636745172e-01 1.277890054634240657e+00 6.314229249011857892e-01 4.698119792348296464e-01 2.401470906337875633e+00 1.327642672984461036e+00 9.381495876052969862e-01 5.198185158381116722e-01 9.333794153418089046e-01 4.256143162393162260e-01 7.387419165196943416e-01 3.426150736003738539e-01 2.498201207760503806e+00 7.706444650015418230e-01 6.811974216104009772e-01 6.472658522396742553e-01 1.090476923340002458e-01 1.768663071246097118e+00 5.341308937368051124e-01 3.695925072864019723e-01 1.535462333081380670e+01 4.961938833149527883e-01 3.520726406023590549e+00 3.601640304628002109e-01
6.381577318311254521e-01 2.912421764356525888e-01 3.538785652549697458e-01 1.124135795300584606e+00 1.313773534975350099e+00 1.468581957658030346e+00 5.806451612903226200e-01 9.820730282870346883e-01 1.096919986608637432e+00 1.652425321314041851e+00 1.161446214426346879e+00 1.762995049504950451e+00 2.013276064037485380e+00 9.513647642679901040e-01 4.373015152889937474e-01 4.499139414802065251e-01 6.282926829268292712e-01 7.352095825856056477e-01 2.675521279634390126e+00 7.366302472685450908e-01 1.052259364335347946e+00 1.366473940003351872e+00 1.552579718403495068e-01 2.253755810092961553e+00 6.047809731828661661e-01 1.944819247551124120e+00 7.124972625739105503e-01 7.139840255832019533e-01 4.525605676776441877e-01 3.695598037061451624e-01
1.314015261276924473e+00 4.815556191020874954e-01 0.000000000000000000e+00 3.667621776504297881e-01 4.670924743126909084e-01 9.294420368364030294e-01 1.309697601668404543e+00 6.378986866791744870e-01 1.445025083612040184e+00 7.783613445378151363e-01 8.174868609651217977e-01 0.000000000000000000e+00 5.987120677487649534e-01 1.544198473282442752e+00 0.000000000000000000e+00 0.000000000000000000e+00 0.000000000000000000e+00 7.346037006351836540e-01 1.980291262135922326e+00 1.669629629629629575e+00 5.549835706462212137e+00 0.000000000000000000e+00 0.000000000000000000e+00 9.314764775168017374e-01 2.977375565610859698e-01 7.907114507434394035e-01 1.965936739659367438e+00 7.640178878568971710e-01 2.341714285714285637e+00 2.067522321428571619e+00
1.546153846153846212e+00 4.366225297757668766e-01 6.642026414350482577e-01 8.673796791443850740e-01 5.335775335775335693e-01 4.160134378499439900e-01 5.685193793301901444e-01 1.370765096354824575e+00 9.894273127753303587e-01 9.985756776004356405e-01 9.442321302193913413e-01 1.800188247949441989e+00 1.283387201034259961e+00 6.793643132928847139e-01 1.124596294407615105e+00 5.562727573651108370e-01 2.398481744788528935e+00 7.583086284911843000e-01 7.215686274509803821e-01 2.144819179195449177e+00 1.206011730205278631e+00 1.484725501770956413e+00 1.215459635181506126e+00 8.522457475526067361e-01 9.305296749645730614e-01 8.174962292609351255e-01 2.116954623125118784e-01 1.481650330521996795e+00 8.548490687219011397e-01 9.890410958904110039e-01
9.756848261003385758e-01 1.044818326560680521e+00 7.163502156609897753e-01 4.638817665869608975e-01 1.011005456680404313e+00 8.277111552066258593e-01 8.531082165565775366e-01 1.743406961545643341e+00 1.330718414533443417e+00 6.024844720496894679e-01 4.305294275732330256e+00 1.823339658444022682e+00 1.623250189584144687e+00 8.427024809039833642e-01 9.690563725490196623e-01 8.552289010091028709e-01 7.515424774560987009e-01 6.445601249349297568e-01 2.225849478895847167e+00 8.559782608695651884e-01 1.099817741492522316e+00 9.422945037719212547e-01 6.340304744633459277e-01 1.482400188991259249e+00 7.596565246922455383e-01 6.542024821026034553e-01 1.064162234042553168e+00 7.126794619918391804e-01 1.405147058823529305e+00 4.383261468862656440e-01
8.604661237220585512e-01 4.211811580232632801e-01 1.322919736712840244e+00 1.804281345565749151e+00 1.072270227808326704e+00 4.014304603918740222e-01 2.312839328656072446e+00 1.321282113803116554e+00 9.546099290780142299e-01 8.681001283697047377e-01 1.303030303030302983e+00 1.271044624746450413e+00 1.237055520898315608e+00 1.007710152838428019e+00 1.271795464616688742e-01 8.164133738601824231e-01 1.307607908538324759e+00 3.131643301614973063e-01 8.430015287922540956e-01 7.090517241379310498e-01 1.684426229508196649e+00 6.893617021276595702e-01 0.000000000000000000e+00 2.959710276143051044e-01 1.205755125070528511e+00 1.173611111111111160e+00 6.274092615769711889e-01 9.439880409043404086e-01 9.995990376904571040e-01 9.530102790014683967e-01
1.766571990386716084e+00 1.085230969420949876e+00 6.339814814814814792e-01 9.999494438827097875e-01 1.052166224580017628e+00 1.234322033898305193e+00 1.292641625615763568e+00 1.444501629782123819e+00 6.200181159420289356e-01 6.758790112083524759e-01 4.981284403669724803e+00 4.016548463356974241e-01 2.568425076452599543e-01 8.744801388479549464e-01 5.180016960912805501e-01 1.083082289519581520e+00 5.491555845639226607e-01 1.521474753694581183e+00 8.307141681750863649e-01 2.276190476190476097e-01 1.138748807414474484e+00 2.407786885245901676e+00 0.000000000000000000e+00 3.951658401876651516e-01 6.671308051437464526e-01 6.866703036915803304e-01 4.105676328502415595e-01 1.583635394456289980e+00 6.456264323911382608e-01 1.028215444516547672e+00
1.303100775193798411e+00 9.739651894105602059e-01 0.000000000000000000e+00 1.221943748259537665e+00 9.442882698696651866e-01 3.591019803028698276e-01 1.016653016653016550e+00 1.575937499999999991e+00 5.583524027459954020e-01 4.504272530477383962e-01 1.317624148003894824e+00 1.920160697108583614e+00 4.683005166876134662e-01 5.823087232678748615e-01 7.078129946881486223e-01 0.000000000000000000e+00 4.941159164460135478e-01 1.700220875041120294e+00 2.427703875072296236e-01 1.783646792050153307e+00 1.465351193650594519e+00 2.161011564366501325e+00 0.000000000000000000e+00 3.555519862940357823e-01 1.402664315799784456e+00 9.456708715596330306e-01 0.000000000000000000e+00 7.528984015915483052e-01 1.193633952254641972e+00 2.160552308002418709e+00
1.002920792079207812e+00 1.288024643819791981e+00 1.527644899321392913e+00 5.712968299711815856e-01 7.287272727272727790e-01 1.460357142857142909e+00 1.354817017974912607e+00 2.475502512562814061e+00 0.000000000000000000e+00 8.009435674106333281e-01 1.738140902697864698e+00 9.639321074964639635e-01 3.029771541644180610e-01 1.313775510204081565e+00 1.599430469862363591e+00 6.274509803921568540e-01 6.487551667788138410e-01 1.376041666666666607e+00 6.455254221074281373e-01 8.286419753086419204e-01 1.065934939950687887e+00 1.652661290322580578e+00 0.000000000000000000e+00 4.668509253752230470e-01 7.918464297833147647e-01 1.030830014932802463e+00 0.000000000000000000e+00 9.957257239178857189e-01 1.162285714285714366e+00 1.222341898753654510e+00
4.973323170731707155e-01 6.879523201362282014e-01 2.220548862115127309e-01 1.238261206312324614e+00 1.074071435356701798e+00 4.275974025974025872e-01 1.023981882153111922e+00 8.114374514374513847e-01 9.065264164475257402e-01 1.360592089298714003e+00 7.726417313573277212e-01 7.330425494035962553e-01 1.395825368911996378e+00 5.382246635278451485e-01 6.564705204642991010e-01 1.862965882220470604e-01 3.886405626080219333e-01 3.118918381109256455e+00 1.238768442525736591e+00 2.053025953146531801e+00 3.097431969939927754e-01 8.250449820071971141e-01 0.000000000000000000e+00 1.127707896575821156e+00 9.945073104707344847e-01 2.443865281148980273e+00 2.905594636910931450e-01 5.298507462686566916e-01 6.990612331982077876e-01 6.620082815734990023e-01
4.541679974449057688e-01 6.981733220050977407e-01 3.423642820903095019e-01 1.315129449838187803e+00 1.557724911129340972e+00 6.614219881500987830e-01 1.265713302865005607e+00 9.305607476635513464e-01 1.404286308780690717e+00 1.152430391694195366e+00 5.807321102512824629e-01 6.662798793223485561e-01 5.704565030146425686e-01 1.096675059241706052e+00 1.179423282306870879e+00 0.000000000000000000e+00 1.423015551692109915e+00 1.817833907386146253e+00 2.938882240836768189e-01 1.628205128205128194e+00 7.327547841566532938e-01 4.926972477064220368e-01 0.000000000000000000e+00 6.591297357049542560e-01 1.059996229616363417e+00 1.613410032782829129e+00 4.487376950378356710e-01 8.279974534908396411e-01 8.959537572254335780e-01 1.246465182043124731e+00
9.133337922489158656e-01 2.196974767418512775e-01 0.000000000000000000e+00 1.182016684396170358e+00 1.519829120683517276e+00 8.716429571275106092e-01 7.382141831754235328e-01 1.927980252649920123e+00 6.644655792637855773e-01 1.332953016207360619e+00 9.664157498552402581e-01 4.287636130685458236e-01 4.139764764764764515e-01 9.433197654610984140e-01 4.120064765226055803e-01 2.806241655540721025e-01 7.422749664128974745e-01 1.665768885468770000e+00 8.947972197854106025e-01 2.197794882463074639e+00 9.707649769585253718e-01 0.000000000000000000e+00 0.000000000000000000e+00 1.479137763596004351e+00 1.199299801610456351e+00 1.914863026405293489e+00 4.383489902130863203e-01 5.264651049687930628e-01 1.061006690028671651e+00 1.113746307633032284e+00
1.207096607096607155e+00 5.004936583883952128e-01 1.571810054568675286e+00 7.854343763188038618e-01 7.409963985594237856e-01 2.352322892579356839e-01 8.296039094650206058e-01 1.386650005206706338e+00 1.952007383479464675e+00 1.382222222222222241e+00 1.551927212572373760e+00 9.834577660664617360e-01 9.547283702213279488e-01 1.496928721606134216e+00 1.119561815336463262e+00 6.367924528301887044e-01 2.769249951511457031e+00 7.688535728000472913e-01 1.365338257167769465e+00 2.478167367928938880e+00 6.624064525190104247e-01 5.384799999999999587e-01 0.000000000000000000e+00 7.216370419135396119e-01 1.257855497872672590e+00 1.053437822497420129e+00 0.000000000000000000e+00 6.944076694818535067e-01 1.877336481434634663e-01 5.958879074017666699e-01
7.173587862383360436e-01 5.374666558887721823e-01 0.000000000000000000e+00 1.465240641711230030e+00 1.672107778740531625e+00 1.792552628795091474e+00 1.217919940142162316e+00 9.634093844167025411e-01 0.000000000000000000e+00 8.749114103472714898e-01 9.171983168182434865e-01 6.914285714285713924e-01 6.694644284572341952e-01 3.613796849538294387e-01 4.389252948885976613e-01 9.177897574123988766e-01 9.536800227337312030e-01 1.594449102060627510e+00 7.030104072082140609e-01 5.926814104272137840e-01 3.243414017692233031e+00 7.761142857142857565e-01 9.737142857142857544e-01 3.348308934881373267e-01 9.280868385345997229e-01 5.803268578476719064e-01 3.483400143899681445e-01 1.329345752440803441e+00 3.042929292929292817e+00 5.658624693587923637e-01
7.573059360730594047e-01 2.207207207207207145e-01 3.360239162929745671e-01 7.970674486803519532e-01 1.270190430975365325e+00 1.107802263251935759e+00 5.848575848575848779e-01 9.129357798165137483e-01 6.675576675576675445e-01 1.446738856711155874e+00 3.757882882882883080e-01 2.109075013114180663e+00 2.155772357723577226e+00 9.478310995820723450e-01 4.139333152615884970e-01 8.699418228829993716e-01 4.389581723871537333e-01 8.735759110129548421e-01 2.646871263451574308e+00 8.901336212714265894e-01 1.107032782291958561e+00 2.387358530856288630e-01 0.000000000000000000e+00 2.870304963730963443e+00 8.777686628383921663e-01 1.924498990212831995e+00 9.022222222222222587e-01 5.289615113186038053e-01 6.959247648902820993e-01 6.277767046552057417e-01
1.527227722772277252e+00 1.144364998297582536e+00 1.127287581699346397e+00 1.181502890173410369e+00 1.109752066115702540e+00 0.000000000000000000e+00 9.849148418491484591e-01 9.928299678080186874e-01 2.262752173199934269e+00 5.910625444207533441e-01 4.977939646201873458e+00 1.460341151385927461e+00 0.000000000000000000e+00 0.000000000000000000e+00 1.418516966904063592e+00 9.458493677844970193e-01 3.199905704856199851e+00 5.578305654824469162e-01 9.780085081837190941e-01 1.715702479338842901e+00 7.850979477611940149e-01 8.010037348272642799e-01 1.002912055911473477e+00 7.073466589314909569e-01 7.055663013109821913e-01 2.948706591070163197e-01 7.300724637681159646e-01 1.532540560471976399e+00 5.659687603855101390e-01 2.875865051903114256e-01
1.683084772370486704e+00 9.552818647710364930e-01 1.229267408123791094e+00 1.060610984725381956e+00 9.259586074121610721e-01 2.492587101556708595e-01 9.776265126512651005e-01 1.674290176828247878e+00 1.201595744680851174e+00 1.470112359550561854e+00 1.647405329593267798e+00 1.320539989011851434e+00 1.379017429363167846e+00 4.022860159168425986e-01 1.597692862292718063e-01 1.390991361579596797e+00 1.656966149428460877e+00 4.975409335288367707e-01 1.648434065934065940e+00 1.422556390977443574e-01 1.002771522605231169e+00 2.815789473684210398e-01 3.525794684731631268e-01 1.180900621118012417e+00 4.115904272980359102e-01 5.359133228429058260e-01 1.941082015810276618e+00 1.319579995961499552e+00 1.262413576367064749e+00 1.455998218690051971e+00
2.660586835844567677e+00 1.612119445051874433e-01 0.000000000000000000e+00 3.754222569994465353e-01 3.159801678108314360e-01 2.369747899159663884e+00 1.024596634144801233e-01 5.055377302436125930e+00 0.000000000000000000e+00 1.547165372853446241e+00 5.546052631578947123e-01 0.000000000000000000e+00 1.049049739697673012e+00 8.575116159008776551e-01 4.035490101400289742e-01 0.000000000000000000e+00 2.114552745413785517e-01 6.246186699206833781e-01 2.877100164438406882e+00 2.182978723404255472e+00 5.180366186209582890e-01 0.000000000000000000e+00 0.000000000000000000e+00 8.828912466843501505e+00 2.010923535253227312e-01 6.727778687182844886e-01 6.499231655781789740e-01 1.250214371462870788e-01 5.029904306220095433e-01 3.859477252243426193e-01
7.729954876778896145e-01 1.042432560127792618e+00 4.312380952380952537e-01 6.707934336525307462e-01 8.576989619377162199e-01 5.495231107850330199e-01 5.585790306342586220e-01 5.705458583672655681e-01 0.000000000000000000e+00 1.109792284866468887e-01 2.385448092280390286e-01 2.731914893617021223e-01 5.351637764932563046e-01 9.025210084033613578e-01 5.326176713459950252e-01 7.347646931251355928e-01 5.648103764274636784e-01 5.424308878256246524e-01 0.000000000000000000e+00 6.380934076494330087e-01 2.975035919540229834e-01 9.450867052023121939e-01 1.581230769230769226e+02 0.000000000000000000e+00 2.647890788340917512e-01 1.127366609294320199e-01 0.000000000000000000e+00 2.291061582666770402e+00 6.646077621800164925e-01 1.192261493102318548e+00
1.287141779788838702e+00 0.000000000000000000e+00 2.966239316239316359e+00 0.000000000000000000e+00 0.000000000000000000e+00 1.865926327193932810e+00 2.801227123664445262e+00 0.000000000000000000e+00 2.900919732441471499e+00 7.639808262953663442e-01 0.000000000000000000e+00 1.879432624113475114e+00 0.000000000000000000e+00 0.000000000000000000e+00 1.196347031963470364e+00 0.000000000000000000e+00 1.267930137495354881e+00 1.504450704225352098e+00 0.000000000000000000e+00 3.491769547325102696e+00 6.088753144089112723e+00 0.000000000000000000e+00 0.000000000000000000e+00 0.000000000000000000e+00 0.000000000000000000e+00 0.000000000000000000e+00 1.921125975473801484e+00 1.564678362573099335e+00 0.000000000000000000e+00 1.579233038348082596e+00
2.350490196078431349e-01 1.321661653708643192e+00 1.103871958612884896e+00 1.641887905604719755e+00 7.078693590494965493e-01 1.423725253373943289e+00 9.621104357946462793e-01 7.189976440351253384e-01 1.649033816425120813e+00 8.815261044176706529e-01 6.076438848920863167e-01 3.432624113475177263e-01 2.194954128440367025e-01 2.219654754694124765e+00 9.057853473911867681e-01 4.546061415220293833e-01 2.020150375939849585e+00 1.131999052071439360e+00 4.664094811107635796e-01 5.970656646985149640e-01 7.659060865566986731e-01 3.849773242630385450e-01 0.000000000000000000e+00 3.372905915550245548e-01 2.031453658536585216e+00 1.558386311535461921e+00 3.508799171842650333e-01 1.178123881131399875e+00 1.433185991159469541e+00 5.700794905672637025e-01
2.094669117647058876e+00 0.000000000000000000e+00 0.000000000000000000e+00 0.000000000000000000e+00 1.526173285198555885e+00 0.000000000000000000e+00 0.000000000000000000e+00 0.000000000000000000e+00 0.000000000000000000e+00 0.000000000000000000e+00 0.000000000000000000e+00 0.000000000000000000e+00 1.956135321100917368e+00 0.000000000000000000e+00 1.946917808219178037e+00 0.000000000000000000e+00 4.423948220064724879e+00 1.173630617977527990e+00 0.000000000000000000e+00 1.733673469387755128e+00 3.533854166666666519e+00 0.000000000000000000e+00 0.000000000000000000e+00 7.402135231316726127e+00 9.729411764705881982e-01 0.000000000000000000e+00 0.000000000000000000e+00 1.220481049562682108e+00 0.000000000000000000e+00 1.231801470588235192e+00
7.638817407216789146e-01 2.803595658073270158e-01 8.670837589376915178e-01 5.474574851302672629e-01 9.983168252735158399e-01 1.716941096588015636e+00 1.161828455260246917e+00 9.603715526414171588e-01 1.754100477850962125e+00 1.868126650078823836e+00 9.780299723555943014e-01 5.470779220779220520e-01 1.487371062168943325e+00 8.917572057106940564e-01 1.281305768333196093e+00 0.000000000000000000e+00 3.681597528684907306e-01 1.120660079593797098e+00 3.171526152678514787e+00 4.682186948853615527e-01 7.570426557609266638e-01 6.140909090909091317e-01 0.000000000000000000e+00 2.786376404494382175e+00 7.274978891077962251e-01 1.755753497973851163e+00 0.000000000000000000e+00 4.421906693711967762e-01 6.568163265306122822e-01 5.628956785026149046e-01
8.814814814814815325e-01 7.978723404255319007e-01 3.899827288428324712e-01 1.042838874680307004e+00 7.734668335419273566e-01 7.543754674644727043e-01 8.667471819645732323e-01 1.063404255319148950e+00 7.752976190476190688e-01 1.696992234117993048e+00 2.157178257651337083e-01 0.000000000000000000e+00 1.730549199084668199e+00 5.326073805202662381e-01 6.479532163742690587e-01 3.271996513486029601e-01 3.366707119741100263e-01 4.472245009570686491e+00 1.234552867051410985e+00 2.406225059856344828e+00 2.688802083333333148e-01 2.770787071305206295e-01 0.000000000000000000e+00 8.868156811449235954e-01 6.632710809281268105e-01 1.724992094445030100e+00 5.114811435523114458e-01 3.004560040533693632e-01 8.094373865698729631e-01 9.571475089547378801e-01
1.164756944444444553e+00 5.111589964599045910e-01 5.119369369369369815e-01 1.864112410542852150e+00 4.956911581569115599e-01 1.703653381642512121e+00 1.155342392752464642e+00 6.787907416154935758e-01 1.019361590790162309e+00 6.856856856856856641e-01 2.831962397179788593e-01 1.353523238380809568e+00 6.367009132420091699e-01 8.879540598290598385e-01 4.175872183735879761e-01 4.295276584996211011e-01 2.438412906038805339e+00 1.212007389162561566e+00 4.405008380163659698e-01 9.606961733517750401e-01 5.361804995970991250e-01 0.000000000000000000e+00 0.000000000000000000e+00 4.828767123287671104e-01 2.334870534870534975e+00 1.306547619047619069e+00 6.725259446844431555e-01 9.613407447653278259e-01 1.942426488757104108e+00 9.704183182929915219e-01
0.000000000000000000e+00 3.039550561797752959e+00 0.000000000000000000e+00 7.090098694683222291e-01 1.882385730211817210e+00 1.796557120500782423e+00 0.000000000000000000e+00 0.000000000000000000e+00 0.000000000000000000e+00 7.355753379492251387e-01 1.580170232344145331e+00 3.785714285714285587e+00 1.157322460074753590e+00 0.000000000000000000e+00 0.000000000000000000e+00 0.000000000000000000e+00 1.220790839148327089e+00 3.152502360717658103e+00 0.000000000000000000e+00 1.025699168556311491e+00 2.035456730769230838e+00 0.000000000000000000e+00 0.000000000000000000e+00 0.000000000000000000e+00 2.609794628751974876e+00 0.000000000000000000e+00 0.000000000000000000e+00 1.504273504273504258e+00 0.000000000000000000e+00 1.518266394372589145e+00
5.742900608519270200e-01 8.812516365540717933e-01 1.323563218390804597e+00 6.705989110707804013e-01 3.342038035764972825e+00 2.624617346938775686e+00 0.000000000000000000e+00 6.215025380710660130e+00 0.000000000000000000e+00 0.000000000000000000e+00 0.000000000000000000e+00 1.719047619047619158e+00 5.363018032268269675e-01 1.377521810250817991e+00 5.337742087860180007e-01 0.000000000000000000e+00 1.157043093169817682e+00 0.000000000000000000e+00 1.766556865464632420e+00 3.188207547169811473e+00 9.242050438596490780e-01 9.404761904761904656e-01 0.000000000000000000e+00 1.276025835866261504e+00 2.666937119675456547e-01 0.000000000000000000e+00 2.703387605042016695e+00 1.045978215333054129e+00 2.088979591836734873e+00 0.000000000000000000e+00
9.030206677265500970e-01 0.000000000000000000e+00 0.000000000000000000e+00 0.000000000000000000e+00 2.102337662337662394e+00 0.000000000000000000e+00 0.000000000000000000e+00 3.970879440885264788e+00 2.035252643948296303e+00 1.710447761194029859e+00 0.000000000000000000e+00 0.000000000000000000e+00 0.000000000000000000e+00 6.916461916461916770e-01 0.000000000000000000e+00 0.000000000000000000e+00 8.895417156286721250e-01 0.000000000000000000e+00 1.828502415458937103e+00 1.542805100182149447e+00 2.273949579831932688e+00 0.000000000000000000e+00 0.000000000000000000e+00 3.647186147186147309e+00 2.946428571428571619e+00 1.122692178583417189e+00 0.000000000000000000e+00 1.084795321637426868e+00 1.044892349977095680e+00 5.310015898251192468e-01
2.344827586206896353e+00 1.436535162950257183e+00 0.000000000000000000e+00 1.327385725741780265e+00 8.109090909090909127e-01 5.222749540722596562e-01 5.301779935275080513e-01 7.283990519284636589e-01 8.120274102079395595e-01 1.892335115864527628e+00 0.000000000000000000e+00 1.071428571428571397e+00 2.186174518374615516e+00 8.527989821882951960e-01 3.348223148699622786e-01 0.000000000000000000e+00 7.211138376186919663e-01 1.299538265055506514e+00 1.883077094474153279e+00 1.932471264367816133e+00 1.187472352472794812e+00 0.000000000000000000e+00 0.000000000000000000e+00 1.957880207461937472e+00 6.968422173704670319e-01 6.702020202020202433e-01 0.000000000000000000e+00 6.475073313782990780e-01 0.000000000000000000e+00 1.364899639732372716e+00
0.000000000000000000e+00 6.884857231213277196e-01 1.400817160367722192e+00 1.283381924198250701e+00 1.901994301994301972e+00 4.316711077274457686e-01 5.888979003334234852e-01 2.962425840474621208e-01 6.711711711711711992e-01 2.204529627274653958e+00 1.174831227280595414e+00 4.347964986262858877e-01 8.575433231396534239e-01 9.486306229601249029e-01 2.767287835780986582e-01 0.000000000000000000e+00 5.948808473080318127e-01 2.750104123281965851e+00 0.000000000000000000e+00 1.300073680536704579e+00 7.221802482460873973e-01 4.876304876304876079e-01 0.000000000000000000e+00 1.352607019679448186e+00 4.244257921790617338e-01 2.476635514018691531e+00 1.868587105624142763e+00 1.106620520263481122e+00 1.064901703800786414e+00 5.380815373758210951e-01
0.000000000000000000e+00 0.000000000000000000e+00 0.000000000000000000e+00 2.132760267430754642e+00 2.716004813477737478e+00 0.000000000000000000e+00 0.000000000000000000e+00 3.708943089430894346e+00 8.400966183574878343e+00 2.212660731948565829e+00 4.752933057280883666e+00 0.000000000000000000e+00 0.000000000000000000e+00 0.000000000000000000e+00 0.000000000000000000e+00 0.000000000000000000e+00 0.000000000000000000e+00 2.088639200998751555e+00 3.653846153846153744e+00 0.000000000000000000e+00 0.000000000000000000e+00 0.000000000000000000e+00 0.000000000000000000e+00 0.000000000000000000e+00 1.731503267973856230e+00 2.247657295850066905e+00 0.000000000000000000e+00 0.000000000000000000e+00 0.000000000000000000e+00 0.000000000000000000e+00
4.367948717948717530e+00 0.000000000000000000e+00 0.000000000000000000e+00 0.000000000000000000e+00 5.656116195113760625e-01 3.592682926829268375e+00 0.000000000000000000e+00 7.724333522404991381e-01 3.622710622710622719e+00 0.000000000000000000e+00 9.898887765419616125e-01 2.338095238095238226e+00 7.249839982931512994e-01 1.885682368274064435e+00 7.215673781459063241e-01 0.000000000000000000e+00 0.000000000000000000e+00 0.000000000000000000e+00 4.279788838612367918e+00 6.425249169435215402e-01 3.426066686936251937e+00 2.624380952380952259e+00 0.000000000000000000e+00 2.396085409252668885e+00 3.605471956224350349e-01 0.000000000000000000e+00 1.158746208291203228e+00 9.289891395154552534e-01 1.850108225108225035e+00 4.564979480164158554e-01
6.039408866995074066e-01 6.884857231213277196e-01 1.400817160367722192e+00 1.485380116959064356e+00 1.142206702954366548e+00 1.338007863695937161e+00 4.364923844303910117e-01 2.962425840474621208e-01 1.369630369630369549e+00 1.127642646055921904e+00 7.711363636363636198e-01 0.000000000000000000e+00 1.469997379683815275e+00 1.461426385954687879e+00 1.153978052126200193e+00 0.000000000000000000e+00 5.948808473080318127e-01 1.063538139009837069e+00 2.918399168399168353e-01 0.000000000000000000e+00 1.236193712829226854e+00 0.000000000000000000e+00 6.105610561056105112e-01 3.518713758566156979e+00 4.244257921790617338e-01 2.010259212043950861e+00 9.036496350364963126e-01 9.107325007581397180e-01 1.829452757819674869e+00 1.117037454238242855e+00
0.000000000000000000e+00 0.000000000000000000e+00 0.000000000000000000e+00 1.919197707736389757e+00 0.000000000000000000e+00 0.000000000000000000e+00 1.602173913043478226e+00 0.000000000000000000e+00 0.000000000000000000e+00 0.000000000000000000e+00 0.000000000000000000e+00 0.000000000000000000e+00 0.000000000000000000e+00 0.000000000000000000e+00 0.000000000000000000e+00 1.455136268343815509e+01 0.000000000000000000e+00 1.879494382022471877e+00 0.000000000000000000e+00 6.195810564663023712e+00 0.000000000000000000e+00 0.000000000000000000e+00 0.000000000000000000e+00 5.311346682371417494e+00 1.558117647058823607e+00 0.000000000000000000e+00 0.000000000000000000e+00 0.000000000000000000e+00 0.000000000000000000e+00 1.972647058823529420e+00
5.574779620499028532e+00 3.157027904569196797e-01 1.984730625180063379e+00 2.404337891262558480e-01 9.496576151121605136e-01 0.000000000000000000e+00 2.879141731134140958e+00 4.182154986106823014e-01 0.000000000000000000e+00 2.494459677722270230e-01 3.545738045738045852e+00 2.608695652173913082e+00 7.988892827602505076e-01 3.219217491369389950e-01 1.213896702375965031e+00 0.000000000000000000e+00 1.747678018575851366e+00 7.290336781862205573e-01 0.000000000000000000e+00 3.478687677602686490e-01 3.310348224400335160e-01 6.883664858348402804e-01 0.000000000000000000e+00 1.594761904761904825e+00 6.037579441834760585e-01 2.533933201159066506e-01 1.960084033613445298e+00 2.448610547293058326e-01 2.058076225045371910e+00 1.317857142857142838e+00
3.366009852216748754e+00 1.197911134714108705e+00 0.000000000000000000e+00 0.000000000000000000e+00 1.161939143888602421e+00 0.000000000000000000e+00 3.582049202487158635e+00 0.000000000000000000e+00 0.000000000000000000e+00 9.465875370919881737e-01 0.000000000000000000e+00 0.000000000000000000e+00 0.000000000000000000e+00 0.000000000000000000e+00 1.482278756251359075e+00 0.000000000000000000e+00 3.315533980582524354e+00 8.935259497057249645e-01 0.000000000000000000e+00 2.783606557377049207e+00 0.000000000000000000e+00 0.000000000000000000e+00 0.000000000000000000e+00 0.000000000000000000e+00 1.559433962264150875e+00 9.615605278255880961e-01 0.000000000000000000e+00 9.291961682632237096e-01 1.845305353779929991e+00 1.975516224188790471e+00
1.078747628083491561e+00 1.681094527363184099e+00 0.000000000000000000e+00 6.171550050836491774e-01 0.000000000000000000e+00 0.000000000000000000e+00 1.067473769168684417e+00 1.073328088119590795e+00 0.000000000000000000e+00 1.327380952380952328e+00 0.000000000000000000e+00 0.000000000000000000e+00 1.007398638650488287e+00 1.714321926489226877e+00 2.081957186544342697e+00 0.000000000000000000e+00 3.442052144659377699e+00 1.252769953051643181e+00 0.000000000000000000e+00 0.000000000000000000e+00 0.000000000000000000e+00 1.766513056835637530e+00 0.000000000000000000e+00 7.657882780554293722e-01 1.038050314465408741e+00 2.907946157186278580e+00 0.000000000000000000e+00 6.285150004702342308e-01 2.594696969696969724e+00 1.315044247787610532e+00
0.000000000000000000e+00 0.000000000000000000e+00 0.000000000000000000e+00 0.000000000000000000e+00 0.000000000000000000e+00 0.000000000000000000e+00 0.000000000000000000e+00 0.000000000000000000e+00 0.000000000000000000e+00 2.845697329376854601e+00 0.000000000000000000e+00 0.000000000000000000e+00 0.000000000000000000e+00 3.672077922077922274e+00 4.455968688845401537e+00 0.000000000000000000e+00 0.000000000000000000e+00 0.000000000000000000e+00 0.000000000000000000e+00 3.967930029154518756e+00 0.000000000000000000e+00 0.000000000000000000e+00 0.000000000000000000e+00 0.000000000000000000e+00 2.226890756302521091e+00 0.000000000000000000e+00 0.000000000000000000e+00 6.538011695906432941e+00 0.000000000000000000e+00 2.819327731092437173e+00
0.000000000000000000e+00 1.937374892765227230e+00 0.000000000000000000e+00 5.263557767880534755e+00 1.879200222160511080e+00 0.000000000000000000e+00 0.000000000000000000e+00 2.566228893058161376e+00 0.000000000000000000e+00 5.461872455902306633e+00 0.000000000000000000e+00 3.765957446808510856e+00 0.000000000000000000e+00 1.975524475524475632e+00 0.000000000000000000e+00 0.000000000000000000e+00 0.000000000000000000e+00 1.445116681071737297e+00 0.000000000000000000e+00 0.000000000000000000e+00 0.000000000000000000e+00 0.000000000000000000e+00 0.000000000000000000e+00 0.000000000000000000e+00 1.198009049773755663e+00 1.555143651529193649e+00 0.000000000000000000e+00 0.000000000000000000e+00 0.000000000000000000e+00 0.000000000000000000e+00
0.000000000000000000e+00 5.219950433705080606e-01 0.000000000000000000e+00 3.975644699140400973e-01 5.063176895306858993e-01 1.007482394366197243e+00 1.044269734065006228e+00 0.000000000000000000e+00 0.000000000000000000e+00 4.124629080118694113e-01 0.000000000000000000e+00 2.087841945288753998e+00 0.000000000000000000e+00 2.298169433801617867e+00 2.041274293728711609e+00 1.348097560975609710e+01 2.164581124072110452e+00 1.226050110537951321e+00 2.153756859434360571e+00 1.815888352120236249e+00 1.122506648936170137e+00 0.000000000000000000e+00 0.000000000000000000e+00 0.000000000000000000e+00 6.608791649939783630e-01 4.189884538152610638e-01 1.037288647342995196e+00 8.295383849695160405e-01 1.652079303675048294e+00 8.372560095399484981e-01
0.000000000000000000e+00 2.295115332428765420e+00 3.354589371980676304e+00 8.328142518998380428e-01 2.225955204216073735e+00 0.000000000000000000e+00 4.251604621309370557e+00 0.000000000000000000e+00 6.936063936063936453e+00 8.640175461230809040e-01 0.000000000000000000e+00 0.000000000000000000e+00 1.359393697646589461e+00 2.340477013480815938e+00 2.842368640533778024e+00 0.000000000000000000e+00 0.000000000000000000e+00 8.155837811431363438e-01 0.000000000000000000e+00 1.204791481810115306e+00 0.000000000000000000e+00 0.000000000000000000e+00 0.000000000000000000e+00 0.000000000000000000e+00 1.417238421955403060e+00 0.000000000000000000e+00 0.000000000000000000e+00 8.481429839016352279e-01 0.000000000000000000e+00 0.000000000000000000e+00
9.282407407407406996e-01 0.000000000000000000e+00 0.000000000000000000e+00 0.000000000000000000e+00 6.762936221419976190e-01 0.000000000000000000e+00 0.000000000000000000e+00 9.235772357723577297e-01 0.000000000000000000e+00 1.761018437225636557e+00 0.000000000000000000e+00 0.000000000000000000e+00 8.668450560652395387e-01 3.139440380819691345e+00 1.783224115334206994e+00 0.000000000000000000e+00 1.890429958391123488e+00 5.200530586766541896e-01 0.000000000000000000e+00 1.587119437939110034e+00 7.310851707738866834e-01 1.520061728395061706e+00 0.000000000000000000e+00 4.677072493929934183e+00 1.376303712974551452e+00 1.789037433155080237e+00 0.000000000000000000e+00 2.381818181818181834e+00 1.074074074074074181e+00 0.000000000000000000e+00
0.000000000000000000e+00 0.000000000000000000e+00 0.000000000000000000e+00 0.000000000000000000e+00 0.000000000000000000e+00 0.000000000000000000e+00 0.000000000000000000e+00 0.000000000000000000e+00 0.000000000000000000e+00 2.212660731948565829e+00 0.000000000000000000e+00 0.000000000000000000e+00 3.481141692150866440e+00 2.855218855218855101e+00 0.000000000000000000e+00 0.000000000000000000e+00 3.672034353193773359e+00 0.000000000000000000e+00 0.000000000000000000e+00 3.085260770975056577e+00 0.000000000000000000e+00 1.384600000000000009e+01 7.642464246424642837e+00 2.646322378716744694e+00 0.000000000000000000e+00 0.000000000000000000e+00 0.000000000000000000e+00 2.172011661807580207e+00 0.000000000000000000e+00 0.000000000000000000e+00
0.000000000000000000e+00 1.937374892765227230e+00 5.943589743589743790e+00 5.263557767880534755e+00 0.000000000000000000e+00 0.000000000000000000e+00 2.675948345439870923e+00 0.000000000000000000e+00 0.000000000000000000e+00 0.000000000000000000e+00 0.000000000000000000e+00 0.000000000000000000e+00 0.000000000000000000e+00 1.975524475524475632e+00 0.000000000000000000e+00 0.000000000000000000e+00 0.000000000000000000e+00 1.445116681071737297e+00 2.528106508875739511e+00 0.000000000000000000e+00 2.031427716252618865e+00 0.000000000000000000e+00 0.000000000000000000e+00 0.000000000000000000e+00 1.198009049773755663e+00 0.000000000000000000e+00 0.000000000000000000e+00 1.502803319129849768e+00 2.984354628422424938e+00 0.000000000000000000e+00
0.000000000000000000e+00 8.407682775712515877e+00 0.000000000000000000e+00 0.000000000000000000e+00 0.000000000000000000e+00 0.000000000000000000e+00 0.000000000000000000e+00 0.000000000000000000e+00 0.000000000000000000e+00 0.000000000000000000e+00 0.000000000000000000e+00 0.000000000000000000e+00 0.000000000000000000e+00 0.000000000000000000e+00 3.135779816513761631e+01 0.000000000000000000e+00 0.000000000000000000e+00 0.000000000000000000e+00 0.000000000000000000e+00 0.000000000000000000e+00 0.000000000000000000e+00 0.000000000000000000e+00 0.000000000000000000e+00 0.000000000000000000e+00 0.000000000000000000e+00 0.000000000000000000e+00 0.000000000000000000e+00 0.000000000000000000e+00 0.000000000000000000e+00 6.582352941176470296e+00
nan nan nan nan nan nan nan nan nan nan nan nan nan nan nan nan nan nan nan nan nan nan nan nan nan nan nan nan nan nan
nan nan nan nan nan nan nan nan nan nan nan nan nan nan nan nan nan nan nan nan nan nan nan nan nan nan nan nan nan nan
nan nan nan nan nan nan nan nan nan nan nan nan nan nan nan nan nan nan nan nan nan nan nan nan nan nan nan nan nan nan
