1.002147820928599220e+00
1.621957738949382444e+00
1.625629073581372985e+00
2.622028490835115910e+00
7.285637324285346716e-01
1.156199723102576904e+00
1.150561924265135261e+00
1.259112106562409128e+00
5.997994573551964637e-01
1.041877974287946484e+00
2.118159250002523031e+00
6.422500055333388858e-01
1.132464729080501442e+00
1.190703665015142576e+00
3.822640703837358878e-01
5.916809109229612673e-01
2.495103306082044614e-01
1.143157537204616103e+00
1.755752246170493969e+00
8.650050190567309949e-01
7.516455276800181329e-01
5.567872460033224113e-01
1.479841276290307261e+00
3.786358144176204643e+00
2.982868438392269006e+00
2.211941879012908174e+00
2.172712481954215402e-01
8.199274938603672291e-01
3.067623740023107892e+00
9.578763708873380134e-01
4.690185690382192574e-01
5.701489156899383071e-01
4.076732857509118291e-01
2.266638547119997682e+00
1.591442007864572350e+00
1.346381172363529943e+00
1.217072116608547860e+00
7.962585879939068079e-01
2.006223849774752210e+00
4.714787065147759137e-01
1.576382399923755395e+00
1.631712450178643969e+00
1.230380568302971378e+00
1.911866133293719516e-01
1.058034456386104827e+00
1.690957979832232450e-01
1.908278996245801329e+00
2.111528574253509927e+00
1.610583005717710625e+00
2.108788979572581157e-01
5.954989622381290371e-01
5.804506233715789332e-01
1.475191115570710698e+00
1.395410654982837118e+00
1.266290166116454396e-01
7.409269873472984491e-01
2.157033077180086966e+00
2.021252705992256926e-01
1.658992215890111366e+00
4.706868815637710313e-01
5.293820903577001191e-01
1.741412582014666144e-01
3.318661380283582929e-01
9.005256451099076243e-01
6.471107550701773459e-01
2.817836370686312542e+00
1.012033158035475555e+00
9.647036107356632417e-01
6.576055523423944837e-01
nan
nan
nan
