5.156219864995178481e-01
2.991474515681240121e+00
6.150573134603994907e-01
1.084897127593294153e+00
8.102530738563539225e-01
9.589203021276425654e-01
2.921260031692992420e+00
2.211748645305064542e+00
3.554659352932699190e-01
4.948254750920762501e-01
2.196767049213334655e+00
9.408910166773188921e-01
1.014907493677625450e+00
2.302354826148847455e-01
1.737540943534588100e+00
1.200155887093765861e+00
3.023222141902602300e-01
9.355238716307011648e-01
3.519574554057312565e-01
1.964313334013837231e+00
4.459144568006843556e+00
2.767986230636833023e-01
3.683356513676402377e-01
4.329672324589270982e-01
1.178759701836624929e+00
1.881715412520885700e+00
4.556295162495995199e-01
1.076125857441097455e+00
1.749890654614375263e-01
4.863696808510638570e-01
8.538120567375886427e-01
1.631947187270778032e+00
2.498420122462823745e+00
1.339764052741152067e+00
9.124929124929125335e-01
4.691909746678648574e-01
0.000000000000000000e+00
0.000000000000000000e+00
nan
nan
