8.772097467749642163e-01 7.873844559510394525e-01 6.091098627439625046e-01 1.083453025086079657e+00 1.418418544740884579e+00 1.304477479081360247e+00 8.659579984443868117e-01 8.935397553516819524e-01 7.307270734380708621e-01 1.265988311417240553e+00 1.018003310561373276e+00 9.666186032592430921e-01 1.374623357686562297e+00 1.039521509086726470e+00 1.071495805197462570e+00 4.529537756525204295e-01 1.122152480097979188e+00 1.057932542161149181e+00 1.616899093125839126e+00 8.619628937705340332e-01 1.157459495949594963e+00 5.543798217100766035e-01 0.000000000000000000e+00 1.263580506564913053e+00 8.151728943471823197e-01 1.798848996304803771e+00 6.454146215448204327e-01 7.785478547854784992e-01 6.059809290030211404e-01 1.238481291269258877e+00
1.207263402924274365e+00 6.765797121792642699e-01 1.409864373441895635e+00 8.348843838556601060e-01 1.020979020979021046e+00 1.107817187224281019e+00 1.072543602716016453e+00 1.227380015735641150e+00 2.257515598411798052e+00 7.971370517795579591e-01 1.612968272472352638e+00 2.380039894353840779e+00 2.137030995106036002e+00 7.752260573650947562e-01 9.928671328671329066e-01 4.418734630002235653e-01 7.482235452275782794e-01 6.275998679432155392e-01 1.258615136876006346e+00 7.424281150159743881e-01 1.028353067814854693e+00 2.153999672493552175e+00 6.645141659341402551e-02 1.308079029107560354e+00 9.865295809833831697e-01 9.565069250036835058e-01 5.040784810627808588e-01 1.614513256826276111e+00 7.666937441813767018e-01 5.690549625133005662e-01
1.090409585773553625e+00 5.086251435132032039e-01 6.481366072541443479e-01 1.033344456708678694e+00 1.518817204301075252e+00 1.589245705750560012e+00 6.274733637747336168e-01 1.031532561657812375e+00 7.582730659653736938e-01 9.657978580476757058e-01 6.642080745341615300e-01 1.071873442949676125e+00 1.321271646420263624e+00 7.368604854199406473e-01 6.452838793037926068e-01 4.778166421207658554e-01 8.920662598081953165e-01 6.869296740994854655e-01 2.519687499999999858e+00 8.327331063383970333e-01 8.339415512548233878e-01 2.232443638248250706e-01 0.000000000000000000e+00 2.186419602584420474e+00 7.571288586440027002e-01 2.194234129295282276e+00 8.387832032962215800e-01 1.039380111414009766e+00 5.100272837711349316e-01 1.389565834614929551e+00
8.108108108108108558e-01 1.126117886178861882e+00 8.855712335002275948e-01 1.357549120992761038e+00 1.195931257008169490e+00 1.036969767986876123e+00 1.142677231270836646e+00 6.991537873890815158e-01 6.740053050397878387e-01 1.188520612081763073e+00 1.312553285816594473e+00 7.666005946481665445e-01 1.200181866301124556e+00 1.231300033825684981e+00 1.192557442557442560e+00 6.370078740157479880e-01 1.365811965811965845e+00 1.136483667379651008e+00 8.584091259441960498e-01 6.015324193166357025e-01 1.147485148069670613e+00 7.354819093949528375e-01 0.000000000000000000e+00 6.005283293860448346e-01 7.541351430896279240e-01 2.183367512905735275e+00 6.102107585787110988e-01 9.061542390194075036e-01 7.664524384214964625e-01 9.460278532013663977e-01
8.755691199279531656e-01 1.061986017817011518e+00 6.532535086858376472e-01 1.165911949685534577e+00 1.061986017817011518e+00 8.974733319835036527e-01 1.031168831168831179e+00 7.128387336267698604e-01 8.806431663574521007e-01 1.413578411943453572e+00 1.429687500000000000e+00 9.698630136986301498e-01 1.373706293706293602e+00 1.379826422372227634e+00 1.319257665411511571e+00 5.041626918740785834e-01 1.244340900559789853e+00 1.257043206350160869e+00 7.228300971897202443e-01 8.217133536995805398e-01 1.202238027501185469e+00 9.425483503981797462e-01 0.000000000000000000e+00 6.241388741246832739e-01 9.199594731509624923e-01 1.246870249485826809e+00 5.085967260372696863e-01 7.523730634906420356e-01 8.581353653070371568e-01 1.124018139120576576e+00
7.509881422924901129e-01 1.440182790212737540e+00 1.487492728330424674e+00 1.269883040935672502e+00 8.392824640524197966e-01 7.755755755755755487e-01 1.112591727209667480e+00 9.778532927115068940e-01 8.402558016877637037e-01 1.357465649970766020e+00 7.902221177576683742e-01 4.573235460191981683e-01 7.964840893918682108e-01 1.180121455234274919e+00 1.043690720328120936e+00 3.251347816377962996e-01 1.656339444573373454e+00 1.138994015138179883e+00 7.149492707672796543e-01 1.248207494232807635e+00 9.487619047619048063e-01 7.755138838802740908e-01 6.928206368887410704e-01 7.716958980256852785e-01 1.357004160887655964e+00 8.066608442503638843e-01 3.115593387614112864e-01 8.908530903820270908e-01 6.871177370030581155e-01 1.333427144163793709e+00
1.140856413689230964e+00 1.018348741489184306e+00 1.494046659140998656e+00 9.129351355433058535e-01 8.242035891716515961e-01 1.123334852076946166e+00 1.266860516605166076e+00 8.437196660842555263e-01 2.686852179034157739e+00 4.951306333534824522e-01 3.385439121062513212e+00 3.026333742666120763e+00 1.491676899986355664e+00 8.454077924981832082e-01 1.091148598561497041e+00 7.133655394524959226e-01 8.071964634522462712e-01 6.660415689951555418e-01 7.989933728770987065e-01 7.951961862852952034e-01 1.218577358843909053e+00 2.873399715504978857e+00 3.220735541419902231e-02 4.956173824556534546e-01 1.164599704761820620e+00 7.757904245709124069e-01 3.032548476454293707e-01 1.601661077105860809e+00 8.048556035203962011e-01 5.654149840274848016e-01
2.125270562770562588e+00 7.223150126238104818e-01 7.983277591973244602e-01 3.152645743803446643e-01 6.161878411158278057e-01 1.271484375000000000e+00 5.412448152619562247e-01 1.694194013703570034e+00 8.069691470054446425e-01 7.483644746026850703e-01 1.133253301320528150e+00 1.166102336139222651e+00 1.042000000000000037e+00 7.295742068138332259e-01 7.975240433803969520e-01 2.677205220522052009e-01 7.263049025193846209e-01 9.027608782685830890e-01 2.577741927598934168e+00 8.946898828062992415e-01 7.965875218419159465e-01 5.025031289111389077e-01 2.374737473747374761e-01 3.659991569802747868e+00 4.159853008727606993e-01 4.758250923388537834e-01 1.077900390625000071e+01 5.894465894465894529e-01 3.971954386361070455e+00 5.488145569714806271e-01
9.417779936847219258e-01 5.463411727316065392e-01 9.778239778239777857e-01 1.662276306370794599e+00 1.144127670185354440e+00 1.927449359239355176e-01 1.329137356534616732e+00 7.598433312719027333e-01 1.137692501893461161e+00 7.304120865331525936e-01 1.186530860443903990e+00 5.980769230769230616e-01 3.877679697351828492e-01 1.889558448242585342e+00 6.374469850636179657e-01 2.930401662049861411e+00 4.184012066365007665e-01 4.988297921160111947e-01 6.668994413407821620e-01 7.241243604879968876e-01 6.553079947575360942e-01 1.745341614906832373e+00 5.147563486616334449e-01 1.893098079916969434e-01 1.455747436589314603e+00 7.672962592728994613e-01 0.000000000000000000e+00 2.264747154513798488e+00 1.287949333410451480e+00 1.829604798870853921e+00
1.241541623843782194e+00 7.253134665912794876e-01 1.367859937402190917e+00 1.986952868382858561e+00 1.125528623001547102e+00 1.745582594479029082e+00 6.198264917477782632e-01 7.232910819375283351e-01 2.200915404040404144e-01 1.432939827406242150e+00 5.306416726748377499e-01 6.542237947810702892e-01 8.777640049582150494e-01 1.408380388376256676e+00 8.482129042240446060e-01 0.000000000000000000e+00 6.981231882524703281e-01 7.668857719579731391e-01 7.697840285290700191e-01 1.235108303249097483e+00 1.012986793663660512e+00 1.634515904171405465e+00 2.058215130023640649e-01 8.174452576729616116e-01 7.004922874958976475e-01 1.703135538719746434e+00 7.678551624708883638e-01 1.131618680005776811e+00 4.990152801358234136e-01 1.552152258471961144e+00
6.122084435436776495e-01 1.943142941493148923e+00 5.255911888564950285e-01 9.090784250081146434e-01 6.634035486408530469e-01 8.901246379122484953e-01 1.286144469034575355e+00 7.206848264595072662e-01 6.467337041791471064e-01 1.267901062694324565e+00 4.794721407624633613e-01 3.853265955455736358e-01 5.642488106808531967e-01 8.970687070257974405e-01 1.313320825515947421e+00 6.804243514769831025e-01 1.625318705500248706e+00 2.438597251097251117e+00 6.196541836823356020e-01 2.169397217928902499e+00 8.672878124348318840e-01 7.190635451505016096e-02 0.000000000000000000e+00 3.765257981578093438e-01 1.395758458798769697e+00 1.254174294497599318e+00 2.948164642684970582e-01 7.580246358568603071e-01 1.164243997404282860e+00 1.174046553946470617e+00
6.572004965859714609e-01 1.059176672384219531e+00 1.443900325027085652e+00 1.618768328445747695e+00 1.149963601067702124e+00 7.095169356085992973e-01 1.452850877192982448e+00 7.201205278058310233e-01 1.694912662920918800e+00 1.231037511296666276e+00 1.086890445354830259e+00 2.764701449420985391e-01 4.612242822763786831e-01 1.682899172064557192e+00 1.243543796774533527e+00 6.181588340273647120e-01 1.276426721704083000e+00 1.207573599240265860e+00 6.648706144939666718e-01 1.064263322884012597e+00 1.048749590151718314e+00 6.689072576982468821e-01 0.000000000000000000e+00 4.825700527636903603e-01 8.254747297692083263e-01 9.779699082187690573e-01 5.252293577981651529e-01 1.179998141954663682e+00 7.777777777777777901e-01 1.035379322831794235e+00
5.291642626964805363e-01 5.038232795242141293e-01 1.787579992164032849e-01 4.599574838148613454e-01 1.222264553489789796e+00 2.213930348258706382e-01 9.141138464966024335e-01 2.088139027431421546e-01 3.124606850803454128e-01 3.559424692829811221e-01 3.702054794520547865e-01 7.001675041876046501e-01 3.717858181365014669e-01 4.272612777650561244e-01 2.852659574468084935e-01 9.909909909909909942e+00 5.719856757002822478e-01 1.080852266084719959e+00 7.278742762613731043e-02 2.375680000000000014e+00 9.855967331275138354e-01 5.396039603960396391e-01 1.084844720496894439e+02 1.215963084795321558e+00 9.901019425863303303e-01 4.872090649244589788e-01 5.351962583624415570e-01 8.332032048779580702e-01 1.907402597402597433e+00 6.605868892179297402e-01
7.446306966998428312e-01 1.628168202764976868e+00 0.000000000000000000e+00 1.316729323308270638e+00 9.440360841964584582e-01 3.702209826217549793e+00 7.859963710107802370e-01 1.081935975609756184e+00 0.000000000000000000e+00 1.327178030303030276e+00 1.424340467894474882e+00 1.144877028776261962e+00 1.543345543345543414e+00 6.045515394912984730e-01 1.492513790386130745e+00 0.000000000000000000e+00 1.226685796269727513e+00 1.778323331514820804e+00 3.699583658600051894e-01 1.031852930469603136e+00 1.268237934904601572e+00 6.600274725274725141e-01 0.000000000000000000e+00 8.399701343952215016e-01 8.082401928555774662e-01 1.393353174603174649e+00 0.000000000000000000e+00 1.202586206896551824e+00 0.000000000000000000e+00 2.394655704008221975e-01
1.099675736641759549e+00 9.041895203641031609e-01 7.972747698775095593e-01 1.238592797783933497e+00 6.071819657893743338e-01 6.078505672826159945e-01 1.024483660574767363e+00 8.683786476034219826e-01 5.050316009081425861e-01 9.834420526201348434e-01 4.964785511753407321e-01 1.015205766100906848e+00 9.145629572583749978e-01 1.861982416729067946e+00 1.534388025767336128e+00 5.300534139906042386e-01 1.957173292889899940e+00 6.761419425788460780e-01 5.690696798493408703e-01 1.618123949075186196e+00 7.461118914746339703e-01 8.823339780786588760e-01 2.145229566916313946e+00 1.006406632749199170e+00 1.494324896254156654e+00 5.796438988289582817e-01 6.898429584599797826e-01 7.726255352277150434e-01 1.309555629802873433e+00 7.028852619353260778e-01
8.222163766863327394e-01 2.446377072819033993e-01 2.395940832473340276e-01 7.701143451143450669e-01 1.769550492610837411e+00 1.820288208562544918e+00 4.685623454609678662e-01 8.868802771162589416e-01 4.191445260976069398e-01 1.255227148330596565e+00 7.619047619047618625e-01 1.466089720946661901e+00 1.521231843797126837e+00 5.756969696969697070e-01 5.853606258707534371e-01 2.164643635231870422e-01 6.542264308592118383e-01 5.790028763183125982e-01 4.748939005132254643e+00 1.596841412590480402e+00 5.839784946236559193e-01 1.742081447963800822e-01 0.000000000000000000e+00 2.586002430931966689e+00 7.148750077538613690e-01 1.409593027464492998e+00 1.191930089545797822e+00 5.662223682357910848e-01 7.159142726858185313e-01 1.205080284285338310e+00
1.070277361319340370e+00 1.364095169430425303e+00 0.000000000000000000e+00 0.000000000000000000e+00 1.364095169430425303e+00 1.631712832108535904e+00 2.685230024213074995e-01 1.563322368421052655e+00 0.000000000000000000e+00 1.113771270280965675e+00 1.339002795899347564e+00 8.020283412058905048e-01 1.642795513373597860e+00 1.332471804511278224e+00 1.035390199637023612e+00 1.172518159806295479e+00 5.639534883720930258e-01 1.406015037593985051e+00 1.661529514393719209e+00 4.752442180846622732e-01 8.811742777260018755e-01 9.437744458930900082e-01 1.045979084024522221e+00 7.918418839360807926e-01 1.838293650793650702e+00 3.733448093220338992e-01 7.457627118644067910e-01 1.009913482335976997e+00 6.154258742759064482e-01 1.459740259740259782e+00
2.046031170714026626e+00 0.000000000000000000e+00 0.000000000000000000e+00 3.176436945953674540e-01 1.236111111111111160e+00 7.189155107187894522e-01 0.000000000000000000e+00 1.419501133786848168e+00 4.974843858431644561e-01 1.565572232645403350e+00 1.215111301369863117e+00 1.105232558139534804e+00 2.046031170714026626e+00 3.827692307692307505e-01 6.932447397563676894e-01 0.000000000000000000e+00 5.085020242914979338e-01 1.100340425531914912e+00 2.070014662756598067e+00 1.352813852813852913e+00 1.007442562830331179e+00 4.197739283617146211e-01 0.000000000000000000e+00 2.833767926988266073e+00 1.206328279499011114e+00 6.879940711462451119e-01 2.552703999999999862e+00 5.940721649484536071e-01 8.448121645796063950e-01 1.321747411022497376e+00
0.000000000000000000e+00 1.175413223140495900e+00 0.000000000000000000e+00 0.000000000000000000e+00 0.000000000000000000e+00 2.156110283159463403e+00 3.529523809523809619e-01 2.077398255813953654e+00 1.469949494949494895e+00 4.677446102819237117e-01 0.000000000000000000e+00 0.000000000000000000e+00 0.000000000000000000e+00 1.148282828282828349e+00 2.111480251015134701e+00 0.000000000000000000e+00 7.412144702842377031e-01 2.415407076605977199e+00 6.953248330297510105e-01 2.718571428571428417e+00 1.164414414414414400e+00 1.240384615384615419e+00 0.000000000000000000e+00 4.221300138312586547e+00 1.146326404610002125e+00 1.007843137254901933e+00 9.801526717557251800e-01 4.244142101284958390e-01 8.088607594936708667e-01 9.241877256317689859e-01
6.151637307416202294e-01 0.000000000000000000e+00 3.697238144867118215e-01 6.306292500718322369e-01 1.974358974358974450e+00 1.993280282935455450e+00 5.614617940199335688e-01 1.220896750308515077e+00 6.479098759078172343e-01 1.859694362833167691e+00 9.764890282131661881e-01 2.010969899665551619e+00 2.403100775193798277e+00 1.036506263903524072e+00 9.114131324709350279e-01 3.340405469118340465e-01 8.393458393458393951e-01 2.866783216783216903e-01 3.723843795815007240e+00 1.322045995241871497e+00 7.731569878452009270e-01 0.000000000000000000e+00 0.000000000000000000e+00 3.138790123456790315e+00 4.909354604786076992e-01 7.860000000000000320e-01 0.000000000000000000e+00 8.866339845721289414e-01 5.380769230769231193e-01 4.003289173138419588e-01
2.764046084352636545e-01 3.884749558551186532e-01 4.571193415637860302e-01 6.508560065958581831e-01 2.071247325737598732e+00 1.033786137234413038e+00 8.156379393355801533e-01 1.684793280244354818e+00 1.028222815605993157e+00 6.561262890376814427e-01 9.720967313313845226e-01 1.899810638664141793e+00 3.869599787967135107e+00 6.214640590448292645e-01 1.156900212314225129e+00 6.282941931586498718e-01 4.013377926421404784e-01 7.383936167766561587e-01 3.921947726459004802e+00 1.601059135039717640e+00 8.007512125872471298e-01 5.032780914223274893e-01 0.000000000000000000e+00 2.110840840840841004e+00 8.395804472590540080e-01 9.945657908620871845e-01 2.611111111111111271e-01 5.933821896513435945e-01 5.537686612452967783e-01 1.192672817221553661e-01
0.000000000000000000e+00 0.000000000000000000e+00 0.000000000000000000e+00 0.000000000000000000e+00 0.000000000000000000e+00 2.780487804878048586e+00 9.389915966386555013e-01 3.720207253886010257e+00 3.909759358288769970e+00 1.244293239683933239e+00 0.000000000000000000e+00 0.000000000000000000e+00 1.828934817170111193e+00 1.486465382613222364e+00 1.769633507853403120e+00 0.000000000000000000e+00 0.000000000000000000e+00 1.153799019607843146e+00 0.000000000000000000e+00 1.661547377571718442e+00 5.172850678733031948e+00 0.000000000000000000e+00 0.000000000000000000e+00 0.000000000000000000e+00 3.302654867256637150e+00 1.305376838235294157e+00 0.000000000000000000e+00 0.000000000000000000e+00 0.000000000000000000e+00 0.000000000000000000e+00
1.635846372688477990e+00 0.000000000000000000e+00 0.000000000000000000e+00 0.000000000000000000e+00 0.000000000000000000e+00 0.000000000000000000e+00 8.398496240601504015e-01 1.557514921323928325e+00 0.000000000000000000e+00 1.112922230950510682e+00 0.000000000000000000e+00 0.000000000000000000e+00 1.635846372688477990e+00 0.000000000000000000e+00 0.000000000000000000e+00 0.000000000000000000e+00 1.763463892288861690e+00 2.186604723190089139e+00 1.654299683635317875e+00 1.486129115893181307e+00 4.562682991748735262e+00 0.000000000000000000e+00 0.000000000000000000e+00 4.098439375750300151e+00 8.634048464269177270e-01 1.167557565789473673e+00 0.000000000000000000e+00 1.009846043680630245e+00 0.000000000000000000e+00 1.070995834911018463e+00
0.000000000000000000e+00 1.076357466063348367e+00 0.000000000000000000e+00 8.734567901234567833e-01 1.076357466063348367e+00 0.000000000000000000e+00 6.642857142857142572e-01 1.231958762886598002e+00 0.000000000000000000e+00 0.000000000000000000e+00 0.000000000000000000e+00 0.000000000000000000e+00 1.293918918918918859e+00 3.473620129870129691e+00 1.251963350785340268e+00 0.000000000000000000e+00 1.394864341085271242e+00 0.000000000000000000e+00 4.331240582621798119e+00 1.175492610837438390e+00 0.000000000000000000e+00 0.000000000000000000e+00 0.000000000000000000e+00 2.009190526687875789e+00 6.829178885630498019e-01 1.935208866155157637e+00 6.132135306553911036e+00 7.987528344671201985e-01 0.000000000000000000e+00 8.471223021582733326e-01
4.384488991127176938e+00 0.000000000000000000e+00 1.343721144967682468e+00 7.472118959107806324e-01 1.929663608562691035e+00 8.235629724718299682e-01 0.000000000000000000e+00 1.055514433752775760e+00 0.000000000000000000e+00 3.684865147944488273e-01 1.387306949806949907e+00 1.704840613931523086e+00 1.108889751552795122e+00 9.003174603174602941e-01 1.647330447330447312e+00 0.000000000000000000e+00 0.000000000000000000e+00 1.458609486679662171e+00 3.707216940363007751e+00 2.701242059353370806e+00 1.400904977375565519e+00 9.772267206477732726e-01 0.000000000000000000e+00 0.000000000000000000e+00 2.858465812625405333e-01 7.901960784313725172e-01 1.584340659340659263e+00 1.047011207970112157e+00 1.305732484076433053e+00 0.000000000000000000e+00
4.338028169014084279e-01 7.354545454545454719e-01 0.000000000000000000e+00 9.109344581440622646e-01 3.608437958065132678e-01 1.349180327868852558e+00 9.384641464655025800e-01 4.130245389864962702e-01 9.274967989756721654e-01 1.942620117525060586e+00 5.420172038945080262e-01 0.000000000000000000e+00 4.338028169014084279e-01 7.184761904761904905e-01 4.197330580340682959e-01 0.000000000000000000e+00 4.676547658041270705e-01 1.798907805974943708e+00 3.471707953063885466e+00 1.671470588235294041e+00 7.285714285714285365e-01 0.000000000000000000e+00 0.000000000000000000e+00 3.213776586645378242e-01 1.228132335355861748e+00 3.245967741935483986e+00 0.000000000000000000e+00 5.450999512432959104e-01 5.103405241576038920e-01 2.588560885608856221e+00
0.000000000000000000e+00 0.000000000000000000e+00 0.000000000000000000e+00 9.531986531986531563e-01 2.472727272727272663e+00 0.000000000000000000e+00 1.523536635284486351e+00 6.327914025902452444e+00 0.000000000000000000e+00 2.020688425182807002e+00 0.000000000000000000e+00 0.000000000000000000e+00 0.000000000000000000e+00 1.147626709573612125e+00 0.000000000000000000e+00 6.711417096959265471e+00 0.000000000000000000e+00 8.907828282828282873e-01 3.008895866038723277e+00 1.282803403493058658e+00 2.449592449592449483e+00 2.547202797202797075e+00 0.000000000000000000e+00 0.000000000000000000e+00 0.000000000000000000e+00 0.000000000000000000e+00 0.000000000000000000e+00 8.716759431045145723e-01 1.661104718066743313e+00 0.000000000000000000e+00
0.000000000000000000e+00 1.788087774294670806e+00 0.000000000000000000e+00 6.980246913580246959e-01 1.788087774294670806e+00 0.000000000000000000e+00 5.308571428571428052e-01 0.000000000000000000e+00 0.000000000000000000e+00 1.461190752938137605e+00 1.291946308724832182e+00 0.000000000000000000e+00 0.000000000000000000e+00 8.404129793510324298e-01 1.000523560209424012e+00 7.633275261324041772e+00 0.000000000000000000e+00 6.523148148148147918e-01 0.000000000000000000e+00 3.050639658848614211e+00 8.521674140508220807e-01 0.000000000000000000e+00 1.246581196581196593e+01 0.000000000000000000e+00 1.132657200811359122e+00 0.000000000000000000e+00 1.474045801526717492e+00 6.383219954648525762e-01 0.000000000000000000e+00 2.192546583850931707e+00
0.000000000000000000e+00 0.000000000000000000e+00 0.000000000000000000e+00 5.259259259259259522e+00 0.000000000000000000e+00 0.000000000000000000e+00 4.000000000000000000e+00 0.000000000000000000e+00 0.000000000000000000e+00 0.000000000000000000e+00 0.000000000000000000e+00 0.000000000000000000e+00 0.000000000000000000e+00 0.000000000000000000e+00 0.000000000000000000e+00 0.000000000000000000e+00 0.000000000000000000e+00 4.914930555555555358e+00 0.000000000000000000e+00 0.000000000000000000e+00 0.000000000000000000e+00 0.000000000000000000e+00 0.000000000000000000e+00 5.772267206477732948e+00 0.000000000000000000e+00 0.000000000000000000e+00 0.000000000000000000e+00 0.000000000000000000e+00 0.000000000000000000e+00 5.100719424460431917e+00
0.000000000000000000e+00 0.000000000000000000e+00 0.000000000000000000e+00 1.615669515669515777e+00 1.990950226244343924e+00 0.000000000000000000e+00 0.000000000000000000e+00 0.000000000000000000e+00 0.000000000000000000e+00 0.000000000000000000e+00 0.000000000000000000e+00 0.000000000000000000e+00 0.000000000000000000e+00 0.000000000000000000e+00 0.000000000000000000e+00 2.893827160493827222e+01 0.000000000000000000e+00 1.509882478632478708e+00 2.420344682639764766e+00 2.174308450170518991e+00 0.000000000000000000e+00 0.000000000000000000e+00 0.000000000000000000e+00 1.773279352226720729e+00 1.263252876156101934e+00 0.000000000000000000e+00 0.000000000000000000e+00 1.477498691784405960e+00 6.140127388535032260e+00 0.000000000000000000e+00
0.000000000000000000e+00 1.033122171945701329e+00 0.000000000000000000e+00 0.000000000000000000e+00 6.267281105990783807e+00 1.888130081300813057e+00 0.000000000000000000e+00 1.125055991041433323e+01 0.000000000000000000e+00 0.000000000000000000e+00 0.000000000000000000e+00 1.903934426229508148e+00 0.000000000000000000e+00 1.009380530973451373e+00 0.000000000000000000e+00 0.000000000000000000e+00 1.338837209302325526e+00 0.000000000000000000e+00 0.000000000000000000e+00 6.855707106963388142e+00 0.000000000000000000e+00 2.240384615384615419e+00 0.000000000000000000e+00 1.925135501355013545e+00 0.000000000000000000e+00 0.000000000000000000e+00 0.000000000000000000e+00 7.666666666666667185e-01 0.000000000000000000e+00 0.000000000000000000e+00
1.108301158301158384e+00 1.921212121212121149e+00 0.000000000000000000e+00 7.481481481481481177e-01 9.219457013574661186e-01 0.000000000000000000e+00 1.849469496021220127e+00 0.000000000000000000e+00 0.000000000000000000e+00 0.000000000000000000e+00 0.000000000000000000e+00 0.000000000000000000e+00 0.000000000000000000e+00 9.007585335018963857e-01 1.072363500373971545e+00 2.483843537414966107e+00 0.000000000000000000e+00 1.455413601755065178e+00 0.000000000000000000e+00 2.099009900990099098e+00 9.133568225496476733e-01 0.000000000000000000e+00 2.215805471124620230e+00 0.000000000000000000e+00 1.901633764465622933e+00 1.647349310094408104e+00 0.000000000000000000e+00 2.226290832455215973e+00 2.721868365180466931e+00 1.510629763337344666e+00
1.034054054054054150e+00 8.601809954751131748e-01 2.564912280701754366e+00 6.980246913580246959e-01 8.601809954751131748e-01 0.000000000000000000e+00 0.000000000000000000e+00 8.898936170212765617e+00 0.000000000000000000e+00 2.279001074113855996e+00 0.000000000000000000e+00 1.585245901639344313e+00 0.000000000000000000e+00 0.000000000000000000e+00 0.000000000000000000e+00 0.000000000000000000e+00 1.114728682170542662e+00 6.523148148148147918e-01 3.399565903709550252e+00 1.953567770570160400e+00 8.521674140508220807e-01 3.897556076330766839e+00 0.000000000000000000e+00 7.661268556005398356e-01 1.132657200811359122e+00 0.000000000000000000e+00 0.000000000000000000e+00 6.383219954648525762e-01 0.000000000000000000e+00 6.769784172661870159e-01
1.943581081081081186e+00 0.000000000000000000e+00 0.000000000000000000e+00 2.809913258983891104e+00 1.616798642533936681e+00 2.954776422764227473e+00 9.978571428571428870e-01 0.000000000000000000e+00 0.000000000000000000e+00 0.000000000000000000e+00 0.000000000000000000e+00 0.000000000000000000e+00 0.000000000000000000e+00 0.000000000000000000e+00 1.880562827225130906e+00 4.355654761904761862e+00 2.095203488372093137e+00 0.000000000000000000e+00 1.965505464480874265e+00 0.000000000000000000e+00 5.543309631544925509e+00 0.000000000000000000e+00 0.000000000000000000e+00 1.440030364372469673e+00 1.025843108504398860e+00 0.000000000000000000e+00 0.000000000000000000e+00 2.568828213879408295e+00 0.000000000000000000e+00 0.000000000000000000e+00
0.000000000000000000e+00 0.000000000000000000e+00 1.287719298245614041e+01 0.000000000000000000e+00 0.000000000000000000e+00 0.000000000000000000e+00 0.000000000000000000e+00 4.943298969072165150e+00 1.109848484848484773e+01 0.000000000000000000e+00 0.000000000000000000e+00 0.000000000000000000e+00 0.000000000000000000e+00 0.000000000000000000e+00 0.000000000000000000e+00 0.000000000000000000e+00 0.000000000000000000e+00 0.000000000000000000e+00 0.000000000000000000e+00 0.000000000000000000e+00 0.000000000000000000e+00 0.000000000000000000e+00 0.000000000000000000e+00 0.000000000000000000e+00 2.740469208211143481e+00 3.705729166666666519e+00 0.000000000000000000e+00 3.205215419501133756e+00 6.107594936708860445e+00 0.000000000000000000e+00
0.000000000000000000e+00 0.000000000000000000e+00 0.000000000000000000e+00 0.000000000000000000e+00 0.000000000000000000e+00 0.000000000000000000e+00 8.002857142857143558e+00 0.000000000000000000e+00 3.331818181818182012e+01 0.000000000000000000e+00 0.000000000000000000e+00 0.000000000000000000e+00 0.000000000000000000e+00 0.000000000000000000e+00 0.000000000000000000e+00 0.000000000000000000e+00 0.000000000000000000e+00 0.000000000000000000e+00 0.000000000000000000e+00 0.000000000000000000e+00 1.284529147982062725e+01 0.000000000000000000e+00 0.000000000000000000e+00 0.000000000000000000e+00 0.000000000000000000e+00 0.000000000000000000e+00 0.000000000000000000e+00 0.000000000000000000e+00 0.000000000000000000e+00 0.000000000000000000e+00
nan nan nan nan nan nan nan nan nan nan nan nan nan nan nan nan nan nan nan nan nan nan nan nan nan nan nan nan nan nan
nan nan nan nan nan nan nan nan nan nan nan nan nan nan nan nan nan nan nan nan nan nan nan nan nan nan nan nan nan nan
nan nan nan nan nan nan nan nan nan nan nan nan nan nan nan nan nan nan nan nan nan nan nan nan nan nan nan nan nan nan
nan nan nan nan nan nan nan nan nan nan nan nan nan nan nan nan nan nan nan nan nan nan nan nan nan nan nan nan nan nan
