1.570865019724309697e+00
0.000000000000000000e+00
1.453059141201264559e+00
1.640757203131698372e+00
8.268115942028985144e-01
8.031293325410971962e-01
1.230164487557992459e+00
8.059166686713656880e-01
6.066876224610939783e-01
1.024442574673958717e+00
1.361878536629648639e+00
7.021686811068118539e-01
8.407780729124377794e-01
inf
2.963396350605185248e-01
7.110935856992639525e-01
inf
7.374354017292941155e-01
6.825410180900294277e-01
1.707650273224043724e+00
2.815864653833827780e-01
4.067206285593756299e+00
1.366498316498316434e+00
1.481070399551237982e+00
1.114585555792617866e+00
1.793283394972732481e+00
1.437728230595794132e+00
1.337447873227689765e+00
2.471778676506130701e+00
1.857074408682075628e+00
6.398033235170382804e-01
8.967748344370860547e-01
4.267177978566925600e-01
6.565435619456249094e-01
