1.170358065706902817e+00 1.470753655793025860e+00 0.000000000000000000e+00 2.155615790936891984e-01 1.815903614457831328e+00 1.064800932866899918e+00 5.758152004489057729e-01 3.523841354723707409e-01 1.591150661228525554e+00 1.455374897648847865e+00 9.271060672195547969e-01 0.000000000000000000e+00 3.419913419913420127e-01 1.533469945355191211e+00 1.121414236807932951e+00 8.318698347107438273e-01 3.559855985598560091e-01 3.237303370786516865e+00 7.128690556682443225e-01 1.945010812480691964e+00 6.024904214559386739e-01 6.283307210031348067e-01 0.000000000000000000e+00 1.613597246127366658e+00 8.954896454896454916e-01 1.214871194379391062e+00 5.263504611330698246e-01 4.708106473079249898e-01 4.736333927510398278e-01 4.876065368676206213e-01
nan nan nan nan nan nan nan nan nan nan nan nan nan nan nan nan nan nan nan nan nan nan nan nan nan nan nan nan nan nan
2.284394997091332147e-01 1.647529411764705909e+00 0.000000000000000000e+00 1.122992700729926963e+00 3.424921535157755548e-01 6.421404682274247655e-01 5.875048132460531924e-01 2.134395424836601218e-01 0.000000000000000000e+00 1.173018854466344907e+00 8.500493406297658927e-01 7.873011943808404522e-01 8.588755267756192913e-01 1.106847855049293949e+00 6.731607921641524772e-01 3.323741007194244812e+00 3.553859202714164667e+00 1.120600456248981525e+00 0.000000000000000000e+00 3.664570723394252605e-01 9.398734177215190000e-01 3.806273946360153038e-01 0.000000000000000000e+00 6.229062924400181611e-01 8.773578087735780517e-01 1.695327709279688566e+00 6.469297126231432493e-01 7.324394874228761232e-01 3.634328358208955390e+00 2.154486561730378114e+00
5.555846422338568402e-01 0.000000000000000000e+00 0.000000000000000000e+00 2.112704686617730143e+00 2.243525896414342746e+00 7.696642685851319277e-01 1.166949632144878235e+00 5.191176470588235725e-01 2.356478950246036153e+00 1.409601173351384906e+00 0.000000000000000000e+00 0.000000000000000000e+00 0.000000000000000000e+00 8.661222809304879311e-01 0.000000000000000000e+00 2.521332554061952003e+00 1.072097141411586074e+00 1.514921722113502955e+00 0.000000000000000000e+00 9.001566728386269922e-01 4.368603042876901821e-01 0.000000000000000000e+00 0.000000000000000000e+00 7.488660778228694026e-01 1.653022839229735697e+00 1.830503512880562011e+00 7.753623188405797118e-01 6.973684210526315264e-01 2.997894736842105168e+00 1.105978580675532452e+00
1.626249679569341300e+00 1.186298133711315872e+00 0.000000000000000000e+00 6.820879120879120849e-01 5.815655396016674583e-01 0.000000000000000000e+00 5.897165836844121545e-01 2.357342266890005700e+00 0.000000000000000000e+00 1.223839496459480758e+00 4.660669884452245393e-01 0.000000000000000000e+00 7.118491415705038294e-01 9.126016260162601590e-01 7.527035056446821359e-01 0.000000000000000000e+00 2.382026696747508776e+00 2.759329608938547285e+00 0.000000000000000000e+00 1.285685113334694707e+00 3.035317958120235526e-01 0.000000000000000000e+00 9.877600979192165953e-01 1.356436073257529795e+00 1.323734567901234671e+00 1.517543859649122862e+00 5.387596899224805780e-01 4.820433436532507998e-01 9.876160990712073984e-01 1.307727767999329549e+00
0.000000000000000000e+00 1.365633074935400426e+00 0.000000000000000000e+00 2.264164561530133568e+00 1.382352941176470562e+00 2.582334132693844708e+00 1.958477508650519061e+00 0.000000000000000000e+00 0.000000000000000000e+00 1.112172682236376442e+00 0.000000000000000000e+00 0.000000000000000000e+00 0.000000000000000000e+00 0.000000000000000000e+00 1.786990508096035768e+00 0.000000000000000000e+00 3.745390693590869180e+00 3.184434604904632149e+00 0.000000000000000000e+00 0.000000000000000000e+00 1.465882895343476156e+00 0.000000000000000000e+00 0.000000000000000000e+00 0.000000000000000000e+00 8.365774533657744927e-01 0.000000000000000000e+00 0.000000000000000000e+00 0.000000000000000000e+00 0.000000000000000000e+00 4.036049488054607615e+00
1.864165212332751675e+00 0.000000000000000000e+00 0.000000000000000000e+00 0.000000000000000000e+00 0.000000000000000000e+00 0.000000000000000000e+00 9.222222222222222765e-01 1.741830065359477153e+00 0.000000000000000000e+00 2.363089644803608280e+00 0.000000000000000000e+00 6.753774076002081905e+00 1.690476190476190466e+00 0.000000000000000000e+00 0.000000000000000000e+00 0.000000000000000000e+00 0.000000000000000000e+00 1.992327365728900235e+00 0.000000000000000000e+00 0.000000000000000000e+00 1.465882895343476156e+00 3.105363984674329281e+00 0.000000000000000000e+00 0.000000000000000000e+00 1.776183644189383015e+00 1.131067961165048485e+00 2.601449275362318847e+00 0.000000000000000000e+00 0.000000000000000000e+00 4.036049488054607615e+00
1.025005467667857495e+00 9.927745384809096851e-01 1.415585769385415027e+00 1.177401071723000792e+00 1.141912389273146422e+00 7.699719527087778292e-01 1.018172272928618005e+00 9.116586538461538547e-01 1.255349841104567377e+00 8.928375079717634222e-01 5.865612648221344427e-01 8.718951529020179114e-01 6.536011758941695504e-01 1.272818819151977587e+00 9.086293424983890032e-01 7.070713339953658139e-01 1.119575281803542710e+00 1.234495729083572524e+00 5.913158591474715342e-01 1.096100575324951976e+00 1.084261133603238836e+00 1.130521048999309830e+00 5.462151945417665910e-01 8.967516121245560079e-01 1.190226835110130166e+00 9.745585358403254794e-01 3.164614683082535573e-01 1.244542093882960110e+00 6.864608076009500737e-01 1.434033880557944673e+00
1.438114847860901380e+00 1.234126984126984183e+00 1.279960019990004971e+00 3.940384615384615596e-01 8.727063576679198187e-01 6.330834582708645408e-01 8.269647696476964960e-01 2.617419648271679833e+00 1.444746376811594235e+00 6.999091322126306247e-01 0.000000000000000000e+00 0.000000000000000000e+00 1.071037877751948475e+00 3.476197124110009806e-01 4.370602577499129171e-01 1.546996124031007724e+00 1.115734812917911434e+00 4.666590240360732333e-01 1.098556513208604812e+00 2.434307992202728865e+00 1.124413992066354062e+00 7.624587706146926935e-01 1.516673236105636491e+01 1.638633238125462910e+00 8.644490348315406747e-01 4.183631921824104150e-01 6.378051849987415034e-01 5.714814986338164760e-01 5.735027223230489968e-01 4.393486916951080956e-01
0.000000000000000000e+00 0.000000000000000000e+00 0.000000000000000000e+00 0.000000000000000000e+00 0.000000000000000000e+00 0.000000000000000000e+00 3.326933333333333298e+00 0.000000000000000000e+00 0.000000000000000000e+00 0.000000000000000000e+00 8.118238993710692242e+00 0.000000000000000000e+00 0.000000000000000000e+00 1.288663967611335970e+01 0.000000000000000000e+00 0.000000000000000000e+00 0.000000000000000000e+00 3.384281842818428032e+00 0.000000000000000000e+00 0.000000000000000000e+00 5.287966804979252977e+00 0.000000000000000000e+00 0.000000000000000000e+00 0.000000000000000000e+00 0.000000000000000000e+00 0.000000000000000000e+00 0.000000000000000000e+00 0.000000000000000000e+00 0.000000000000000000e+00 0.000000000000000000e+00
0.000000000000000000e+00 1.762834821428571397e+00 2.111688311688311614e+00 1.373406593406593323e+00 1.157297198315326847e+00 0.000000000000000000e+00 1.626540781536847557e+00 0.000000000000000000e+00 0.000000000000000000e+00 1.433608058608058622e+00 1.888725345893435437e+00 1.287878787878787845e+00 0.000000000000000000e+00 2.520258835241413475e+00 1.497768381489311684e+00 1.675103305785123897e+00 7.169216921692169731e-01 7.843781597573306064e-01 2.241731175228712125e+00 0.000000000000000000e+00 0.000000000000000000e+00 1.265282131661441989e+00 0.000000000000000000e+00 5.015151515151514694e-01 3.407984959079849441e-01 4.607972933215651601e-01 0.000000000000000000e+00 2.026167016637054008e+00 9.538027332144979331e-01 2.098897427330437715e+00
6.259088581669226548e-01 1.493036440573517920e+00 8.643174250832408312e-01 1.593301435406698552e+00 1.608950177438734697e+00 4.242528577330946238e-01 9.856739863930527035e-01 1.006348421139418026e+00 1.824685101538687571e+00 6.318064414105740711e-01 7.599257884972170363e-01 3.431630926290675787e-01 4.679242964237433910e-01 1.176547231270358207e+00 7.051747467080294873e-01 1.170509342977697376e+00 1.017110107792013052e+00 9.417865662740420030e-01 5.807619047619048125e-01 1.033895418157043000e+00 7.508666226477385131e-01 8.739263110307413651e-01 2.990353697749196016e+00 6.270133296306581450e-01 1.922010350392313160e+00 7.819117742881345201e-01 2.819486076470723024e-01 1.086806105144149326e+00 6.529819046809957062e-01 1.049647617053939053e+00
2.302669552669552644e+00 0.000000000000000000e+00 2.019254658385093215e+00 4.151708549395027315e-01 1.702928494430470785e+00 2.072141706924315763e+00 4.582779500812288020e+00 0.000000000000000000e+00 0.000000000000000000e+00 4.332594849072279319e-01 0.000000000000000000e+00 0.000000000000000000e+00 1.353110047846890041e+00 1.138101664417453973e+00 0.000000000000000000e+00 0.000000000000000000e+00 0.000000000000000000e+00 0.000000000000000000e+00 6.751855779427359261e-01 2.497437918801734380e+00 3.928896238114923722e+00 0.000000000000000000e+00 0.000000000000000000e+00 0.000000000000000000e+00 0.000000000000000000e+00 4.406219220486843891e-01 1.013547574039067367e+00 1.410666066606660607e+00 5.131831255992329588e+00 4.625644804716285696e-01
0.000000000000000000e+00 0.000000000000000000e+00 0.000000000000000000e+00 0.000000000000000000e+00 0.000000000000000000e+00 1.164568345323741028e+01 0.000000000000000000e+00 0.000000000000000000e+00 0.000000000000000000e+00 1.342066027689030960e+01 0.000000000000000000e+00 0.000000000000000000e+00 0.000000000000000000e+00 0.000000000000000000e+00 0.000000000000000000e+00 0.000000000000000000e+00 0.000000000000000000e+00 0.000000000000000000e+00 0.000000000000000000e+00 6.668410041841004166e+00 0.000000000000000000e+00 0.000000000000000000e+00 0.000000000000000000e+00 0.000000000000000000e+00 0.000000000000000000e+00 5.101132686084142165e+00 0.000000000000000000e+00 0.000000000000000000e+00 0.000000000000000000e+00 0.000000000000000000e+00
0.000000000000000000e+00 6.158914728682170825e+00 2.337142857142857011e+01 0.000000000000000000e+00 0.000000000000000000e+00 0.000000000000000000e+00 0.000000000000000000e+00 0.000000000000000000e+00 0.000000000000000000e+00 5.015923566878980999e+00 0.000000000000000000e+00 0.000000000000000000e+00 0.000000000000000000e+00 0.000000000000000000e+00 0.000000000000000000e+00 0.000000000000000000e+00 7.935643564356436030e+00 0.000000000000000000e+00 0.000000000000000000e+00 0.000000000000000000e+00 0.000000000000000000e+00 0.000000000000000000e+00 0.000000000000000000e+00 0.000000000000000000e+00 0.000000000000000000e+00 0.000000000000000000e+00 0.000000000000000000e+00 5.171311475409836156e+00 0.000000000000000000e+00 0.000000000000000000e+00
0.000000000000000000e+00 0.000000000000000000e+00 0.000000000000000000e+00 0.000000000000000000e+00 0.000000000000000000e+00 0.000000000000000000e+00 4.159333333333333549e+00 0.000000000000000000e+00 0.000000000000000000e+00 0.000000000000000000e+00 1.014937106918238996e+01 0.000000000000000000e+00 0.000000000000000000e+00 6.417338709677419040e+00 0.000000000000000000e+00 0.000000000000000000e+00 0.000000000000000000e+00 4.231029810298102767e+00 0.000000000000000000e+00 0.000000000000000000e+00 6.610995850622406245e+00 0.000000000000000000e+00 0.000000000000000000e+00 0.000000000000000000e+00 0.000000000000000000e+00 0.000000000000000000e+00 0.000000000000000000e+00 0.000000000000000000e+00 0.000000000000000000e+00 0.000000000000000000e+00
0.000000000000000000e+00 0.000000000000000000e+00 0.000000000000000000e+00 0.000000000000000000e+00 0.000000000000000000e+00 1.172282608695652151e+01 0.000000000000000000e+00 0.000000000000000000e+00 0.000000000000000000e+00 2.227530077848549173e+00 0.000000000000000000e+00 0.000000000000000000e+00 0.000000000000000000e+00 0.000000000000000000e+00 0.000000000000000000e+00 0.000000000000000000e+00 0.000000000000000000e+00 1.878952122854561813e+00 0.000000000000000000e+00 2.961413296141329532e+00 0.000000000000000000e+00 0.000000000000000000e+00 0.000000000000000000e+00 0.000000000000000000e+00 1.675587996755879994e+00 5.114448051948051521e+00 0.000000000000000000e+00 2.296539162112932519e+00 0.000000000000000000e+00 2.378154425612052592e+00
2.068931785574540161e+00 5.745021744106202366e-01 0.000000000000000000e+00 1.428571428571428603e+00 1.525847828199397460e+00 1.090196078431372451e+00 7.980308330094572078e-01 1.119165487977369144e+00 1.629095509171410550e+00 7.119963369963370203e-01 0.000000000000000000e+00 0.000000000000000000e+00 7.118491415705038294e-01 1.917085810089925291e+00 1.981550969355847513e+00 0.000000000000000000e+00 1.533692559181449422e+00 3.625000000000000000e+00 0.000000000000000000e+00 1.993668882557771527e+00 0.000000000000000000e+00 6.431435445068163226e-01 0.000000000000000000e+00 2.548755609955120627e-01 9.176304908012224981e-01 9.805496495787069389e-01 0.000000000000000000e+00 2.373999237514296534e-01 0.000000000000000000e+00 1.307727767999329549e+00
0.000000000000000000e+00 0.000000000000000000e+00 0.000000000000000000e+00 1.600152905198776843e+00 0.000000000000000000e+00 3.877098321342925757e+00 1.384666666666666712e+00 0.000000000000000000e+00 0.000000000000000000e+00 0.000000000000000000e+00 7.420023014959723717e+00 0.000000000000000000e+00 2.538095238095237960e+00 2.136424731182795522e+00 2.682998324958123959e+00 0.000000000000000000e+00 2.641914191419141744e+00 0.000000000000000000e+00 0.000000000000000000e+00 2.220013947001394872e+00 2.200899031811895057e+00 0.000000000000000000e+00 0.000000000000000000e+00 0.000000000000000000e+00 0.000000000000000000e+00 0.000000000000000000e+00 0.000000000000000000e+00 0.000000000000000000e+00 3.514705882352941124e+00 1.782768361581920979e+00
0.000000000000000000e+00 0.000000000000000000e+00 0.000000000000000000e+00 0.000000000000000000e+00 0.000000000000000000e+00 0.000000000000000000e+00 0.000000000000000000e+00 0.000000000000000000e+00 0.000000000000000000e+00 0.000000000000000000e+00 1.353459119496855401e+01 0.000000000000000000e+00 0.000000000000000000e+00 8.557795698924731909e+00 1.074706867671691768e+01 0.000000000000000000e+00 0.000000000000000000e+00 0.000000000000000000e+00 0.000000000000000000e+00 8.892608089260809479e+00 0.000000000000000000e+00 0.000000000000000000e+00 0.000000000000000000e+00 0.000000000000000000e+00 0.000000000000000000e+00 0.000000000000000000e+00 0.000000000000000000e+00 0.000000000000000000e+00 0.000000000000000000e+00 0.000000000000000000e+00
6.024050024050023877e-01 9.073342116820377612e-01 1.114370525580583138e+00 7.049689440993789358e-01 1.082940457482102214e+00 1.132532281205165026e+00 8.264945652173912860e-01 9.587423312883435189e-01 1.256719367588932768e+00 1.857444880700694689e+00 2.369600421797913581e-01 3.328605946002731186e-01 1.128455284552845495e+00 7.803228401890777155e-01 1.194539900725467785e+00 4.329749591725639557e-01 7.662703762716018829e-01 6.193528693528693729e-01 1.365960235962420777e+00 4.767165324127349280e-01 1.328418803418803362e+00 1.010685805422647521e+00 0.000000000000000000e+00 8.162698412698412564e-01 1.057070699048556994e+00 1.297679324894514874e+00 5.552721836250109622e-01 1.462074921731620458e+00 7.585791691751956334e-01 2.319924812030075056e+00
0.000000000000000000e+00 0.000000000000000000e+00 0.000000000000000000e+00 0.000000000000000000e+00 0.000000000000000000e+00 0.000000000000000000e+00 9.222222222222222765e-01 1.741830065359477153e+00 3.845153664302600305e+00 1.112172682236376442e+00 0.000000000000000000e+00 0.000000000000000000e+00 1.690476190476190466e+00 1.422939068100358417e+00 1.786990508096035768e+00 0.000000000000000000e+00 0.000000000000000000e+00 0.000000000000000000e+00 3.688581314878892847e+00 1.478614597861459767e+00 0.000000000000000000e+00 3.105363984674329281e+00 0.000000000000000000e+00 8.031265887137772452e+00 0.000000000000000000e+00 1.131067961165048485e+00 5.550021468441391548e+00 0.000000000000000000e+00 0.000000000000000000e+00 0.000000000000000000e+00
0.000000000000000000e+00 1.639534883720930258e+00 0.000000000000000000e+00 1.279510703363914370e+00 1.659607843137254957e+00 0.000000000000000000e+00 2.379297173414820499e+00 0.000000000000000000e+00 0.000000000000000000e+00 0.000000000000000000e+00 0.000000000000000000e+00 0.000000000000000000e+00 4.370471633629528618e+00 0.000000000000000000e+00 2.145393634840870867e+00 0.000000000000000000e+00 2.112541254125412493e+00 5.680327868852459439e+00 0.000000000000000000e+00 0.000000000000000000e+00 0.000000000000000000e+00 0.000000000000000000e+00 0.000000000000000000e+00 0.000000000000000000e+00 1.004379562043795637e+00 1.357928802588996842e+00 0.000000000000000000e+00 0.000000000000000000e+00 2.810457516339869066e+00 0.000000000000000000e+00
8.613737486095661700e-01 1.318619898964565884e+00 0.000000000000000000e+00 5.720758991787029402e-01 1.213629416524318883e+00 7.849421820010055173e-01 8.777107847904308535e-01 8.034136198232542103e-01 8.726641998149861079e-01 5.975009838646202498e-01 2.892840575228081246e+00 9.655809655809656222e-01 2.623268959020254254e+00 1.005622270742358104e+00 5.394208965637536934e-01 0.000000000000000000e+00 5.310312244985612162e-01 1.057759831460674205e+00 6.597911728909102713e-01 6.793766578249337273e-01 1.552178554099951535e+00 2.282751091703056900e+00 0.000000000000000000e+00 8.660476408178707786e-01 1.013882142978165923e+00 1.284839527027026973e+00 7.908831908831909230e-01 1.513762037899968993e+00 3.472903657448706549e-01 8.345023812059705337e-01
2.153007061115169041e+00 4.188917214544478629e-01 7.852258852258852118e-01 1.028005767524400982e+00 2.093514328808446512e-01 7.949775112443777658e-01 1.728229420048649434e+00 1.099764336213668425e+00 1.817296786389414054e+00 1.073509015256588039e+00 1.811590065658007509e+00 4.788573999100315115e-01 1.645296167247386698e+00 6.633085896076351684e-01 0.000000000000000000e+00 1.271105826397146199e+00 2.684337463350042530e+00 7.438477391198933253e-01 8.093381880488327296e-01 4.537090698348305029e-01 9.233377561550936141e-01 4.704538756262894306e-01 0.000000000000000000e+00 7.737961926091825315e-01 6.625209280076537199e-01 7.103543171654627120e-01 1.220907928388746733e+00 7.202277216219356015e-01 1.097034264324791231e+00 2.242203639940973936e+00
9.671604027199409703e-01 1.404263153588086066e+00 1.832631063204311683e+00 8.044258311359288038e-01 1.236242432487585807e+00 1.362558601899806154e+00 6.352575995433138445e-01 7.942210074189769431e-01 4.196929735578548981e-01 7.709913848527709668e-01 3.702304647471317267e-01 7.056676930094651912e-01 1.304790576777547395e+00 8.179241463085437092e-01 1.749141876430206022e+00 2.212524935879167931e-01 1.479060760106511774e+00 5.890147929794196102e-01 2.864500421387770501e+00 3.251984552671100537e-01 4.060009376465072428e-01 6.929539598969418623e-01 0.000000000000000000e+00 1.341282000593061241e+00 7.845560871876661180e-01 7.845811906214590348e-01 7.315283400809716952e+00 4.487802793122976364e-01 1.532486930545182924e+00 5.351673789173788665e-01
7.126743613587878112e-01 4.155976331360946574e-01 7.038246268656715987e-01 1.297073933437569826e+00 9.462173887205087564e-01 1.111421130952380931e+00 9.103310070842195456e-01 1.920996573122163653e+00 1.241984312646208899e+00 1.513253638253638345e+00 4.544690603514132676e-01 7.633886342137815584e-01 1.106810662338473028e+00 6.425093506756073269e-01 7.491134751773049771e-01 2.690639116239545436e-01 6.705961221122112015e-01 1.295434131736526995e+00 1.746009070294784582e+00 1.017489552700820310e+00 7.750138489540742137e-01 4.141316371681416086e-01 1.539856923863055782e-01 4.009193438488370731e+00 5.874547399605003495e-01 1.135511283574324182e+00 6.220902542120616552e-01 5.979792991336914110e-01 8.178249890206411576e-01 5.756689553841372042e-01
1.157556859867938437e+00 6.253004807692307265e-01 7.717887154861944321e-01 1.570787088028467338e+00 1.554892134911326718e+00 3.844991233903633510e-01 8.718349928876244492e-01 2.284989122552574248e+00 1.167486786950975075e+00 1.640964493905670452e+00 6.802188371594078964e-01 4.706619489901223696e-01 1.048142595368982244e+00 8.802251935256861781e-01 8.202525055316933766e-01 0.000000000000000000e+00 8.075641025641026038e-01 4.284217145252567360e-01 7.952507262852090975e-01 9.151081239041496396e-01 6.716017594678682645e-01 0.000000000000000000e+00 7.101946041574525026e-01 2.524330900243309195e+00 7.898625875032408983e-01 1.465704824976348242e+00 0.000000000000000000e+00 1.087543859649122702e+00 2.258534850640113945e+00 1.767269619712291684e-01
0.000000000000000000e+00 7.049278846153845812e-01 8.681940700808625788e-01 5.491420118343195433e-01 7.136287625418060721e-01 1.342293655249859663e+00 3.126050420168067223e-01 3.339677504625958360e+00 6.441188277800080630e-01 9.807084123972169554e-01 1.167626163645271831e+00 1.078634639696586683e+00 1.827674474764549695e+00 4.831309041835357698e-01 2.992794159476628302e-01 0.000000000000000000e+00 2.946945637960022291e-01 2.603117071402682114e+00 1.539118134816115591e+00 1.032746420931380582e+00 7.571210170582555188e-01 1.059544513457556958e+00 0.000000000000000000e+00 5.050008512087163837e+00 2.834843205574912872e-01 1.434422442244224438e+00 4.357396773311457694e-01 1.919888648314259094e-01 3.920952028610186213e-01 4.028506640751538526e-01
1.025579194974834740e+00 7.941890579475558987e-01 1.100090301607368648e+00 7.559163329248094199e-01 8.113640169232314570e-01 1.313409470950297031e+00 1.214581956673575824e+00 1.018125960061443847e+00 1.003067047998654093e+00 1.108319185059422729e+00 3.182226233167881890e+00 2.378662465733917042e+00 1.396755006138605371e+00 7.584781252784460470e-01 1.162763781223083548e+00 7.574296553904521501e-01 1.017615285391809010e+00 8.523486157431591215e-01 1.207689767766078504e+00 6.423654210227506267e-01 1.108522707100389804e+00 1.342503987240829311e+00 1.389892528619094125e-01 1.187198649951783924e+00 6.542912215531347941e-01 1.057507113153862921e+00 1.334991168541414863e+00 1.132293943410666248e+00 1.517031752411575507e+00 7.074487885472652282e-01
0.000000000000000000e+00 6.158914728682170825e+00 0.000000000000000000e+00 0.000000000000000000e+00 0.000000000000000000e+00 1.164568345323741028e+01 0.000000000000000000e+00 0.000000000000000000e+00 0.000000000000000000e+00 0.000000000000000000e+00 0.000000000000000000e+00 0.000000000000000000e+00 0.000000000000000000e+00 6.417338709677419040e+00 0.000000000000000000e+00 0.000000000000000000e+00 0.000000000000000000e+00 0.000000000000000000e+00 7.815853658536584980e+00 0.000000000000000000e+00 0.000000000000000000e+00 0.000000000000000000e+00 0.000000000000000000e+00 0.000000000000000000e+00 0.000000000000000000e+00 0.000000000000000000e+00 1.173188405797101375e+01 0.000000000000000000e+00 0.000000000000000000e+00 0.000000000000000000e+00
8.584251131885471953e-01 1.194920634920634939e+00 7.222890317229939683e-01 1.405017921146953341e+00 1.043643848448246203e+00 7.999571482136161871e-01 7.180719760945822872e-01 3.526207506006462378e-01 6.207980615875352548e-01 1.255512098456403880e+00 3.530470217776719433e-01 1.366105957436712648e-01 5.925119024417406788e-01 1.530559835644581312e+00 1.072639377197388333e+00 1.226849237718802943e+00 1.054106608228648989e+00 1.399848828420257041e+00 4.771122814881219032e-01 2.199767711962834049e+00 8.595975467585786900e-01 6.498646820027063065e-01 7.828609986504723173e-01 5.470322590588924117e-01 1.637771203579264645e+00 8.991600016076524149e-01 2.284348864994026340e-01 8.470085987646844838e-01 9.080541696364932136e-01 1.809881630028342014e+00
0.000000000000000000e+00 0.000000000000000000e+00 0.000000000000000000e+00 0.000000000000000000e+00 0.000000000000000000e+00 0.000000000000000000e+00 0.000000000000000000e+00 0.000000000000000000e+00 0.000000000000000000e+00 0.000000000000000000e+00 0.000000000000000000e+00 0.000000000000000000e+00 0.000000000000000000e+00 0.000000000000000000e+00 0.000000000000000000e+00 0.000000000000000000e+00 0.000000000000000000e+00 0.000000000000000000e+00 inf 0.000000000000000000e+00 0.000000000000000000e+00 0.000000000000000000e+00 0.000000000000000000e+00 0.000000000000000000e+00 0.000000000000000000e+00 0.000000000000000000e+00 0.000000000000000000e+00 0.000000000000000000e+00 0.000000000000000000e+00 0.000000000000000000e+00
7.564424422239200974e-01 1.285556292855562832e+00 4.600400369571912562e-01 1.821835330207401293e+00 5.056679455877223228e-01 9.832114361702127825e-01 1.009938308393602213e+00 1.010177678109366983e+00 1.833574974737489649e+00 7.793151883293699678e-01 1.170436507936507997e+00 4.722974048718356910e-01 3.521227471656501185e-01 7.617281475541298752e-01 1.104754158524851926e+00 4.744315177154944330e+00 8.947288006111535630e-01 8.172824164794723067e-01 7.591377520759193809e-01 1.061090318948100464e+00 9.431913928316806306e-01 7.667657320067192694e-01 7.840522875816993142e+00 3.691683310288318975e-01 1.566560644614079623e+00 6.353292090145824522e-01 3.861384844603601985e-01 6.841278877010364967e-01 5.688790275901987048e-01 1.287655971479500838e+00
